0.000000000000000000e+00
0.000000000000000000e+00
0.000000000000000000e+00
0.000000000000000000e+00
0.000000000000000000e+00
0.000000000000000000e+00
0.000000000000000000e+00
0.000000000000000000e+00
0.000000000000000000e+00
0.000000000000000000e+00
0.000000000000000000e+00
0.000000000000000000e+00
0.000000000000000000e+00
1.048376390126250834e+00
1.417865713614673284e+00
0.000000000000000000e+00
0.000000000000000000e+00
0.000000000000000000e+00
0.000000000000000000e+00
0.000000000000000000e+00
0.000000000000000000e+00
0.000000000000000000e+00
0.000000000000000000e+00
0.000000000000000000e+00
0.000000000000000000e+00
0.000000000000000000e+00
0.000000000000000000e+00
0.000000000000000000e+00
0.000000000000000000e+00
0.000000000000000000e+00
0.000000000000000000e+00
0.000000000000000000e+00
0.000000000000000000e+00
0.000000000000000000e+00
-6.795004577323935813e+00
-1.181046033418008889e+01
3.550437057397358487e+00
-4.544458245775881977e+00
-8.194892787641094856e+00
-3.227160561440116204e+00
3.965652463692080243e+00
-1.515594994631331005e+01
1.243187811942896737e+00
-6.386269162983154501e+00
-1.372508225743662891e+01
-3.531197883316419261e+00
-2.073147036279653133e+00
-1.432718255774716631e+01
-2.071353333426310073e+01
-2.101472652193122315e+01
-3.063959190615642569e+01
-1.129311610456737291e+01
0.000000000000000000e+00
0.000000000000000000e+00
0.000000000000000000e+00
0.000000000000000000e+00
0.000000000000000000e+00
0.000000000000000000e+00
0.000000000000000000e+00
-3.808132818060757430e+00
-6.558961915429721401e+00
-4.608556780731626890e-01
-6.223800345856565386e+00
-4.146206153347065992e+01
-3.997236298998947035e+01
-4.566959119291661295e+01
-7.289400134660131414e+01
-7.932941171822449178e+01
-8.872298964681246503e+01
-2.623905445767440270e+01
-6.924702698665704759e+01
-5.602175863231326503e+01
-4.354212803627450512e+01
-7.531663047982067383e+01
-4.924822101502149962e+01
-5.329928874387639581e+01
-6.544966911055048797e+01
-2.846980568546342738e+01
-5.610271714950226851e+01
4.527305475731610684e+00
-1.547768352407571690e+01
-1.951213252783212226e+01
0.000000000000000000e+00
0.000000000000000000e+00
0.000000000000000000e+00
0.000000000000000000e+00
1.038730319266820246e+00
-8.073128272776418868e+00
1.387746145527504993e+01
-3.770724881939093720e-01
-5.056684698005122414e+01
-3.125479955320925640e+01
-3.646864868721358732e+01
-8.731692754804875278e+01
-5.709103731121285819e+01
-6.610140935105238214e+01
-6.011258819990024449e+01
-4.808619216986395628e+01
-7.022839287119140295e+01
-4.315420068535527065e+01
-4.932214371255511765e+01
-2.178918330719077545e+01
-4.190597674865576039e+01
-2.058021635584868037e+01
-2.108167754799882232e+01
-4.470338461719064327e+01
-3.273707316335505624e+01
-4.073257324366333165e+01
-1.839779729935842312e+01
-3.783329889156735248e+01
3.752481097248180575e+00
0.000000000000000000e+00
0.000000000000000000e+00
0.000000000000000000e+00
4.845877339880175327e+00
-3.097140087562979538e+00
-2.307300156359096732e+01
-3.958539892150913886e+01
-7.020769845412316101e+01
-2.796539381979553696e+01
-2.169555969521845995e+01
-1.680183302706927861e+01
-4.648334824665668918e+01
-9.734227853776090456e+00
-2.405169044603030670e+01
-2.683107269849818177e-01
-2.370630231439792723e+01
-1.503143738947966135e+01
-1.875417356159907811e+01
-2.582010176866190321e+01
-2.511119626776036640e+01
-1.596585066990348167e+01
-1.883005405041408409e+01
-1.539839459680977996e+01
-9.958515543544397275e+00
-4.215658852489351460e+01
-6.412494642157182057e+01
-3.274789207932281698e+01
-1.499147814396252976e+01
7.454779707845773373e+00
0.000000000000000000e+00
0.000000000000000000e+00
-8.069831877947521548e+00
-7.130994758449908488e+00
-4.389306715024481065e+01
1.037434374851560204e+00
1.912576327289770006e+00
-4.397177603860271944e+01
3.494870555796936173e-01
-2.966211487696817528e+01
8.701322252035225802e+00
-1.970159923837601923e+01
-1.213442722919021399e+01
-4.190284367212631089e+00
-1.404105956986348858e+01
1.552023598423066142e+00
-8.244811635395992155e+00
-2.124930738204518832e+01
3.182986796339164925e+00
-1.636383147149407336e+01
-1.156052694773457645e+01
-1.006325431329392295e+01
-2.097002612475395367e+01
-4.288780868516981570e+01
-1.941414463201205010e+01
-6.481472061638895354e+01
-1.224933673872020279e+01
2.556246012094054443e+00
0.000000000000000000e+00
-3.660036690265947024e-01
-1.112378134336600510e+01
-3.501002951982172107e+01
-1.450217960174059861e+01
-4.309877534081158501e+01
1.219131825167888117e+01
-3.904855383108012745e+01
3.084026707776050813e-01
-2.719136850060368715e+01
-1.156993586203751079e+01
-3.376877892083563371e+00
-1.135532891577063452e+01
1.128161895284307326e+00
-1.928979161181335389e+00
-1.099823507086021124e+01
-7.874346002747855344e+00
-5.713735725441957847e+00
-7.574616641190137223e+00
-1.600944329396851717e-01
-1.155662598932844176e+01
5.024012160374436320e+00
-3.482911494180124024e+00
-6.132463316922256880e+00
-5.988916318436039887e+01
-1.000620193526462458e+02
-5.450583462351225705e+01
7.614051594497798447e+00
0.000000000000000000e+00
-3.696652462977947806e+00
-2.043408537366645916e+01
-5.541877444562093302e+01
-1.291989673396669858e+01
-1.988196236368594327e+01
-2.399161915278283175e+01
3.484628898265069097e+01
-3.122221067291864927e+01
1.681874370439670230e+01
7.724728807388411944e+00
3.604642678386571042e+00
-6.968182491473132956e+00
-4.324818864626331028e+00
-1.161267698132126380e+00
-4.815677220040393003e+00
-5.443381109977488030e+00
-1.814870123853324912e-01
-1.036597016072739841e+01
-7.053543672193882230e+00
7.934239312869806326e+00
1.485382447520968707e+00
-1.745453452130412586e+01
-4.920000791498498671e+00
-1.632734333827509943e+01
-4.539862684282935135e+01
-3.721694651814993193e+01
5.861948903555799006e+00
-2.479218090243560546e+00
-8.033409722627121496e+00
-2.680337226433836406e+01
-5.079448755180719388e+01
-1.768235205442599600e+00
-9.005765990484757566e+00
-2.918975911448489668e+01
-6.870891111323773615e+00
-1.152567581591023327e+01
-1.844157639019670469e+01
9.890757822284879097e-03
-5.329553414095840047e+00
1.186587254669070468e+01
-1.058535560803851361e+01
-4.438141609604659976e+00
2.489765182656797915e-01
-8.079430065911317627e+00
-8.906816107055230969e-01
-6.305072084615614081e+00
-5.156231324966411123e+00
-1.564799468384257253e+01
-4.844992334357870689e+00
-5.881124869816857448e+00
-2.415525161585975766e+01
-9.625289579419104768e+01
-8.842191287783076348e+01
-2.851626188915463445e+01
-2.514112047082191026e+01
-3.528318209831807550e+00
-2.527576302641345407e+01
-1.502214862442724552e+01
-4.325704204449238688e+01
-2.906753672707030489e+01
-1.297505558527877056e+01
-1.219050585956082067e+01
2.829851712637142214e+01
-2.892422642720493542e-03
-1.983065105621110158e+00
-4.814016415306216601e+00
-8.034641311099383287e+00
-3.028361972558366588e+00
4.754130902070052844e-01
-4.188747550511020989e+00
-9.016576835008427437e+00
-7.287026009618068123e+00
-7.113942888385091479e+00
3.682879423510684314e-01
-3.211318015239816859e+00
-9.491711189068565702e-01
8.333654036428464806e+00
-1.776669910618933201e+00
-1.471852066307118179e+00
-7.687417902996106989e+01
-1.215666985092678516e+02
-5.124312294036153759e+01
4.634986002199884325e+00
-4.241604414295138348e+00
-9.321855572307120141e+00
-3.047168606179618777e+01
-1.004530905426127134e+02
2.001157946544680399e+01
-3.656808756650699621e+01
-1.135698328248678379e+01
-1.825380484042896967e+01
1.478550941132502494e+01
-4.487612796345899824e+00
-2.745535992712311302e+00
8.840514593438062008e+00
-5.080728250188176531e+00
5.460522467646387490e+00
4.574068495748458751e+00
7.412534738766614062e+00
9.103366306722675549e-01
5.825827457884864558e-01
-2.201752471332670158e+00
-2.184243399484731540e+01
-1.792306576403879248e+01
7.578944320301741477e+00
1.881584024049839243e+01
6.441615438221766965e+00
-6.627776662576938804e+01
-2.442292043635258381e+01
-8.018888832948624668e+01
-8.097904385898122115e+00
-1.495088634801417793e-01
-1.558767817213867346e+01
-3.424690280615584470e+01
-5.453211328136625013e+01
-1.797398206364526985e+01
1.286962216400577930e+01
-3.313250832872296936e+00
-1.853784599655391219e+01
-1.763734161097291064e+01
-1.775487959202494181e+01
-8.452630158352691936e+00
2.982494737911574489e+00
-1.521850919571944871e+01
1.804166613875614722e+00
-1.680894028415223573e+01
3.542653022688619480e+00
1.196928502564125196e+00
-8.817919108748156987e+00
-8.747869971522163723e+00
9.641180074634505104e+00
-1.380829156565602744e+01
-1.850846076317982636e+01
-3.542076912969388047e+01
1.376380282136778632e+01
-4.481471880578809674e+01
-3.890906216000158224e+01
-8.944809072826549823e+01
-8.728009794173299696e+00
0.000000000000000000e+00
-5.108535041820633893e+00
-4.904203861206438120e+01
-3.631233619614362595e+01
-1.156730008915595498e+01
-2.556707301002280630e+01
-1.459463575611357733e+01
8.886584417204858255e+00
-3.085113572228548762e+00
5.763831961944715587e+00
-1.386005466101198280e+01
3.600477086038861074e+00
1.011518934808110792e+01
-1.239424211829870837e+00
-5.830649900234480043e+00
-3.442938208218373042e+00
-3.189546238852002169e+00
1.662336496050619949e+00
2.349507652397400115e-01
7.311102731652758813e-01
6.670594527553815212e+00
3.171102517948138910e-01
-6.543490284078010255e+00
-8.040933232631624605e+01
-8.474462633056154459e+01
-5.985163949740829992e+00
1.754897986098733753e+01
-2.116408665441674586e+01
-3.113219941250777167e-01
1.235799758578262519e+00
-2.726677268722551872e+01
-3.506703270895599189e+01
-1.698137394232458064e+01
-1.053196757602011147e+01
3.559049865837287996e+01
-1.911627405457136941e+00
-1.844600662613144593e+00
5.934605144205319149e+00
-1.121713399583444293e+00
-5.666210626607494305e+00
7.506542731967262405e+00
-2.011859713199423894e+01
-4.669391224984970279e+00
-6.369538773134943099e+00
-8.156972686854260246e-01
-5.129766767120951698e+00
-6.841637044346579266e+00
-1.980362601941458323e+01
-1.452038146000755958e+01
-2.268979732824434326e-01
-2.333986674775837145e+01
-7.851187215999538616e+00
-4.368575492265470217e+01
-9.575392743936892259e+01
-1.433395976365626900e+01
-2.328663326721276405e+01
-5.943750543031201872e+00
-1.134911699196706536e+00
-1.113515037279877085e+01
-1.967952353933909748e+01
2.466653150237465120e+00
6.628903081230334671e+00
-1.279104216013600492e+01
-9.573230553734831005e+00
4.989942248316719287e+00
-9.118205726496757535e+00
-1.381254154192968819e+01
1.246561714725960890e+00
2.118418501587163494e+00
-4.674046326727459899e+00
-1.740539508581346695e+01
3.221491849506993077e+00
-1.381957830694733103e+00
-7.336622442003699618e-01
-1.305220948812480941e+01
9.709515577630199346e+00
2.042191031229063114e+01
-1.398108711340891297e+01
1.797297586816202752e+01
6.728599192900315273e-01
-7.163023509974651759e+00
-1.476374104418221300e+01
-7.578547304864453338e+01
-2.817529743277811694e+00
-2.214253779843413206e+00
3.111125523875842291e-01
-4.854159895160356086e+01
-4.046341245275975496e+01
-8.621967650612628375e+00
-2.711523549916758924e+01
-2.674334855130777200e+01
-1.318177792199503262e+00
9.638896784013969210e+00
4.263053244159951127e+00
-3.420987883454396083e+00
-7.756563014406618883e-01
1.002718091411166590e+01
-6.685170497045892724e+00
-1.594650485089722203e+01
-1.553055345413644872e+00
1.089801447084649766e+00
-2.523875773466711880e+00
-5.507662401847704281e+00
-2.661232102237947217e+01
-1.210878072594191046e+01
-1.546151689614476510e+01
8.764256342904410246e+00
-9.226733620657755708e+00
-2.333464154370228627e+01
-4.185683313691178142e+01
-2.589241235847797284e+01
-2.013398754101849875e+00
-2.808160413203206307e+00
1.584419168105446918e+00
-3.141302195533318908e+01
-2.768635535086427168e+01
3.501282340785506264e+00
-1.201447812562237871e+01
-3.174563352373256819e+00
1.302608290471947594e+00
-1.645697207533390483e+01
2.361347230473156600e+01
-1.780004304305691676e+00
8.430350683220932950e+00
-1.145353688957783334e+01
-1.877791603531774101e+01
-1.776019045906127403e+01
-1.901227261811983205e+00
-4.700623238821058258e+00
-1.278683100574068199e+01
-1.544054081274249590e+01
-1.209211231744929549e+01
4.941620296506012977e+00
7.392978481125108914e+00
-2.044377260803046426e+01
-2.770995447065179462e+01
3.042751551629622853e+00
-1.297448345163454064e+02
-8.715959667961352864e+01
-2.167921985387047279e+00
0.000000000000000000e+00
-1.833212141524311223e+00
5.856656168209805280e+00
-7.501584443995143126e+00
-2.688714062302083363e+01
6.817080668929909493e+00
1.461011966866212397e+01
-2.977146927052633618e+00
1.099338411045150110e+01
-1.760671320724405220e+01
-3.795267384454422688e-01
-1.043113321703755680e+01
6.912039197750617703e+00
-3.131704104023191881e+00
7.117212461737247864e-01
-3.676975006125964729e+00
-5.556264059235700437e+00
-1.108836509950190852e+01
5.926842706876573885e-01
4.747616651759139828e+00
8.867603688788259220e+00
-1.953800835396000934e+01
3.600671817476123238e+01
3.049036480901864632e+00
3.790616723276388100e+00
-8.860848874189589708e+01
-4.657604589910936710e+01
-4.000662188410389319e+01
-5.406751290533019727e+00
-6.104584949015438022e-01
-4.385419684442340582e+01
-6.151329828973133118e+01
-1.634981501643779467e+01
-2.085575711087039963e+01
-2.977121192033147423e+01
6.915298728949762497e-01
-6.975916149038177139e+00
1.098243765265001315e+01
-1.326988248283751126e+01
-9.333303590102040914e+00
-1.731688276729213882e+00
-1.482020603226891353e+01
-1.530560098167327521e+00
-9.940140263070974314e+00
-2.296358900225429522e+01
-1.352341369927652748e+00
9.109299945112842023e-01
-7.637815389190014237e+00
-1.110304607886130057e+01
-1.401068990432289052e+00
-4.558022480031053369e+00
-3.402104827925241182e+01
-5.602774332610364283e+00
-4.958938520135919958e+01
-3.021996477706205386e+00
-2.666177523366971336e+00
-3.180901107927510546e-02
-1.187629085413263397e+01
-3.072181929314943716e+01
-4.054831337324136342e+01
-4.842522068268307223e+00
-4.272163274203771266e+01
1.104079108680226895e+01
3.066649992566691907e+00
4.384750156617041483e+00
-9.727837570483048424e+00
3.396573827866970596e+00
-6.534974805880966464e-01
1.038833256739232880e+01
-5.968585638760641743e+00
-9.327623081181751985e+00
-7.947170396541070936e+00
9.127851480200359191e+00
-1.279996281345388631e+01
-8.401911049193543590e+00
-7.011849774499562038e+00
9.021318846536896530e+00
-3.900902717129568487e+00
-4.783853396706613914e+00
-3.069355776369804900e+01
-7.815920999520894696e+00
-1.154912618336177417e+02
-1.666995989740642514e+01
4.969051971354352948e-01
0.000000000000000000e+00
-7.431287275211586163e+00
3.556006412907627201e+00
-4.290315438305034945e+01
-2.686925607201785127e+01
-3.648970708277006736e+01
-1.559267387382124959e+01
-1.295321798560885185e+01
-6.964104690339550707e+00
-6.980484743701421912e+00
-4.669837776776659233e+00
6.958331894781734306e+00
9.798129048943364339e+00
-5.750756974749340777e+00
4.552941910691830074e-01
-1.143398970714257246e+01
-7.921595704553778816e+00
-7.085130254587842735e+00
1.644591493852148645e+01
5.832157467389473382e+00
-2.208840527399329545e+01
-8.992141184692098221e+00
-8.241784144739915163e+00
-1.889045526328679614e+01
1.867620110653515075e+00
-1.350154977313539462e+01
-1.304956920984549384e+01
-2.289740519127529517e+00
0.000000000000000000e+00
-4.483539791269105734e+00
-3.927321798217527515e+01
-3.950126049998299038e+01
-8.513585830423282985e+00
2.571362860118061278e+01
-2.295752138674108878e+01
-7.075344666057011622e+00
9.823649749173554824e+00
-2.023858808389403130e+00
5.564886847794994651e+00
-5.786369539413994900e+00
2.657159484626008261e+00
5.625877464095530023e+00
-4.356897573074254737e+00
2.605572251581717680e+00
4.638516021372307563e+00
-1.481275006951467432e+01
-3.182373658541628902e+00
-1.968436294316810731e+01
6.065284106848305434e+00
-2.395414983891214433e+00
-2.593481284436778367e+01
-5.559633892148099932e+01
3.463772802564274400e+01
2.243997664943510273e+01
-4.235778217409961854e+00
4.827148818975809941e-02
0.000000000000000000e+00
0.000000000000000000e+00
-4.395788513337618042e+01
-5.277695919150342263e+01
-3.465307234044907858e+01
6.527169415037547218e+00
-4.217701718105806918e+01
3.809710503889170763e+00
4.298358375098310091e-01
2.452636393945224924e+00
-3.894659378645353165e-01
-3.573663093579266370e+00
-7.864504454200009320e+00
1.142155031222102934e+00
-8.639161997019275674e+00
-8.312930005018218438e+00
-3.275715382873112702e+00
-2.074808028102035351e+00
9.320475952073829617e+00
6.386864444099114024e+00
1.090370863231554210e+01
8.149618672086017312e+00
-8.506923041829431043e+00
-3.606152488774612408e+01
-4.197446867787645175e+01
-9.543727351476976040e+00
-7.623802233842235765e+00
2.467321957177826264e-01
0.000000000000000000e+00
0.000000000000000000e+00
-1.054066692420730789e+01
-4.752988896774404282e+01
-6.843716381683810823e+01
-1.308804572003600697e+01
-7.818313903369370266e+00
-1.382826961323601012e+01
-2.210091317491751539e+01
-6.111055539776273804e+00
-6.063774677801871960e+00
-1.170004579995739213e+01
2.611311349822805106e+00
-4.024601446289681306e+00
-2.387179400386221673e+00
-6.165592400520390370e+00
-4.008255883018910559e+00
-3.239116404094581902e-01
-1.966910054722976042e+01
-1.157761806182674036e+01
-1.875653720363776600e+01
-2.360329945350003200e+01
-5.595624432224626688e+00
-4.757175315393696025e+01
-5.615112759784500085e+00
1.407539784602553823e+01
-1.244050670983469864e+01
0.000000000000000000e+00
0.000000000000000000e+00
0.000000000000000000e+00
-2.614210751773969221e+01
-4.636445746621354402e+01
-5.963146811003023373e+01
1.578020046024522216e+01
-7.063044432464764100e+00
-9.846062042659282199e+00
-2.305263298839798480e+01
-3.039163888736432284e+00
-3.752942380437837500e+01
-2.568683267373462087e+01
-1.403298159955467206e+01
-1.945524658154184650e+01
-1.228401822955579448e+01
-9.557450986376236912e+00
-3.539999667160627439e+01
1.556879382794049960e+01
-2.495856162521107890e+01
3.811867071315052424e+00
-3.351203877379942497e+01
-3.688878931560186913e+01
-1.661681494463099185e+01
-6.012770926570320285e+01
-3.355578484878856216e+01
-1.228004503862444352e+01
-1.867106253198260646e+01
0.000000000000000000e+00
0.000000000000000000e+00
0.000000000000000000e+00
2.273751815555113964e+00
-1.208685558027459450e+01
-2.633307678328959156e+01
-1.016505501529929347e+02
-4.866390290498913629e+01
-8.057778060065832904e+01
-4.776691903349867374e+01
-4.247620333070353382e+01
-6.588776614762382167e+01
-3.499145149067047100e+01
-4.316804987087120082e+01
-5.536943378017497963e+01
-4.204550167105928438e+01
-7.120477187150295606e+01
-7.496459667484525369e+01
-5.480342628715929720e+01
-9.487302592809356838e+01
-7.421622248677250866e+01
-3.709243629805018116e+01
-6.423800608322440553e+01
-2.133724873291500046e+01
-4.227261836162379183e+01
-9.565152872168738440e-01
-3.213138491045474776e+00
-1.808226984578582730e+01
0.000000000000000000e+00
0.000000000000000000e+00
0.000000000000000000e+00
0.000000000000000000e+00
4.223360517370039827e-03
-3.912316732819920873e+00
-3.032382482993416772e+01
-3.134586445447768810e+01
-6.640255906245960205e+01
-5.159264659199326530e+01
-5.124636325893928301e+01
-5.896613190969296880e+01
-7.276224254114434586e+01
-8.551756649786135256e+01
-8.356619702266520733e+01
-7.196561316716984891e+01
-1.051408900626015850e+02
-7.710550254911956358e+01
-6.323754851071684868e+01
-4.510101495002653849e+01
-5.039375364706925353e+01
-4.233782966598464270e+01
-5.945745382010083091e+01
-2.963087448163990700e+01
-2.213817076654886762e+01
2.083074322017272273e+00
0.000000000000000000e+00
0.000000000000000000e+00
0.000000000000000000e+00
0.000000000000000000e+00
0.000000000000000000e+00
0.000000000000000000e+00
0.000000000000000000e+00
-3.144138819315106526e-01
-8.381164923503796160e+00
-9.233614505459257771e+00
-8.410388473467763859e+00
-1.762787052292902956e+01
-2.375233608235908278e+01
-2.687877087412021382e+01
-2.431570039514065229e+01
-2.469779926043197449e+01
-2.596166599979764555e+01
-3.888537623496189610e+01
-3.235557898530908716e+01
-2.572446789709608339e+01
-2.028748736017861631e+01
-3.042203324682657950e+01
-1.740151759095166506e+00
-1.802718717822406447e+00
-1.031200456721173353e+01
-6.870932081077851805e+00
2.122300522558931757e+00
0.000000000000000000e+00
0.000000000000000000e+00
0.000000000000000000e+00
0.000000000000000000e+00
