-3.241467936768804847e+00
-1.300572699335875271e+00
-5.861457521224195943e-01
6.510842646390472055e+00
-7.713478567414250975e+00
2.174282125881326522e+00
-1.113537412964764961e+01
9.277414904199300594e+00
-6.580730516433842325e+00
4.537688690475906839e+00
-1.081044022378142344e+00
-1.654966882701475939e+01
-6.944511982114540238e+00
-6.489746744367656639e+00
5.241128272446925251e+00
-7.632602245748413061e+00
5.321596573473359904e+00
3.406666215303112644e+00
-1.219469069912166148e+01
-4.625204648312344347e-01
-5.633428479717036197e+00
3.242894378305111402e+00
-2.838644068098403750e+00
7.258154825437976854e-01
-3.254682464361877692e+00
6.166541994196689913e+00
-7.441204936507880063e+00
4.336730002090861902e+00
-8.771934592423111354e+00
1.720966225327991594e+01
1.750085285321919315e+00
5.580671498384472073e+00
-2.304904186506300690e+00
6.738303231356168155e+00
-2.600783955636398304e+00
2.313157493554719224e+00
-5.083632705450176203e+00
-1.060005571638323474e+01
4.071437132719121443e+00
-1.818438145026832942e+01
1.518250585236062733e+01
-1.846610054668744993e+01
7.373032724138584015e+00
1.239087150376702695e+00
1.166524586637240724e+01
-1.173038588809112426e+01
-2.896180499880903092e+00
9.247051328936064962e+00
-3.950789432347738828e-01
1.171448523737823155e+00
-1.310028160107395756e+01
-2.390595201704961426e+00
1.264386295362101009e+01
-2.701403933965936588e+00
-5.471094428586673608e+00
1.398440290825682197e+01
-5.362941092268606269e+00
-2.704100108292928795e+00
7.521246628592574091e+00
-2.361961082341126783e+00
5.747123406358351616e+00
-1.794475189912698099e+01
-1.181626216612708369e+01
1.124049563790919137e+01
-3.285793780970312827e+00
-5.849540846993168230e+00
-6.294674785101767256e+00
1.229330653991977940e+01
-6.065444199937440217e+00
2.872127046349871371e+00
3.903497424627444090e+00
1.761467935891172232e-01
-5.540388742361058938e+00
1.236084434149416467e+01
-1.294735325597570785e+01
-6.978644199872745979e+00
-2.065304532111480285e+01
2.308194479341683802e+01
-3.172839664960998007e+00
2.389849476108924620e+00
-7.619896712714228748e+00
-2.216596771855609660e+00
2.667675107733645135e+00
-6.709369625534611359e-01
-7.035550609380980092e+00
1.822663929381596937e+00
2.368427315984313886e+00
-5.312383230021056946e+00
1.363239347043052163e+01
-1.293578506097744629e+01
7.591273286965707356e-01
-6.974537655268815861e+00
-4.980472555327577489e+00
1.618447380247143030e+01
-5.428127120163354746e+00
-3.643477070503720938e+00
1.393771004737321739e+01
-4.201576108718590774e+00
-6.762608807105363162e+00
-1.308421300036976653e+00
-1.270068360059796397e+00
7.824730120039794734e+00
-1.363450559977795962e+01
1.227482003465992833e+01
-3.032119541579799460e+00
-7.087144064592881598e+00
1.590291066488364358e+01
-2.495395600273635939e+00
1.018378101431948402e+01
-1.363966247235213025e+01
7.117946117602755862e+00
-6.365274820907095510e+00
9.122498208008925857e+00
-8.709390904962376112e+00
1.348293274368649719e+01
-4.588632058997227148e+00
9.951680606845048516e+00
-1.992111823972457785e+00
-5.553154331405529831e+00
1.326525718726019498e+01
-1.447656509671912417e+01
7.166750768635507640e+00
-4.877240086240779426e+00
9.026392672144034179e+00
-7.360338554131395483e+00
-1.636469225678655448e+01
8.178974406561421162e+00
-2.487009269879227880e+00
-4.041220133545926352e+00
1.106036512651213499e+00
6.710107394974450301e+00
4.105148038869049110e+00
1.101644256177841008e+01
-1.741532041435639400e+01
1.619867338532847612e+01
-1.059105287095235326e+01
1.002751425759600501e+01
-9.900178863019359454e+00
-8.534013976234399834e+00
-1.296050750166009458e+01
-4.681440336159376159e+00
1.183077442992738604e+01
-1.130131908895577553e+01
6.225757582732287965e+00
-1.307038025445725360e+01
1.944459695475458361e+01
-8.154405613800456365e+00
-2.093837295742980942e+00
-6.878356606501347059e+00
7.553389090700025399e+00
2.930766222020996459e+00
-4.690383175892311129e+00
5.018056585635957134e+00
7.971021522320620001e+00
-8.416846160140650568e+00
8.228104815232445191e+00
-7.957978501713873776e+00
1.465846990296247299e+01
-1.350693262375657078e+01
2.204752762883330774e-01
9.046027131440119717e-01
-1.118603909708496857e+01
-4.591965111325885474e+00
-8.142474732746364907e+00
-3.951067103060990959e+00
-5.356819859998562805e-02
-5.768366560809417010e+00
5.546765893823894622e+00
3.602942958153515507e-01
-9.278978348604724147e+00
1.385035232773817881e+01
-1.070357888193862550e+01
1.564106355362951106e+01
-5.473983355746299573e+00
8.479295992468717458e+00
-1.728880731536434467e+01
1.770675835745826276e+01
-1.483368959046995528e+01
1.364942850190458579e+01
-1.495546294579219548e+01
1.604837777982448799e+01
-5.062042706604161779e+00
-1.979040205125824059e+01
2.487394559812336325e+01
-9.418450510317645907e+00
-4.249103698689786768e+00
8.611427337805075410e-01
2.874089940897036399e+00
5.720157940582680567e+00
-1.779426848930433280e+01
5.097847080274418019e+00
1.457413876628627536e+00
-4.816157254350271089e+00
1.789875753615047316e+01
-7.343397652482577698e+00
3.170130316808103643e+00
3.977102444719571306e+00
9.884324050890640478e-01
7.824309932153309610e+00
-9.444024968183020619e+00
-1.991747549187381061e+00
1.364775073369422387e+01
-1.134610965869467591e+01
2.382047050515135211e+00
3.172485357034293685e-01
3.033340171515741091e+00
5.097469370388413523e+00
-7.376300097430338099e+00
-8.125872283288341436e+00
5.918773379778935251e+00
6.829181557081600573e-01
6.302672715408192516e+00
-1.542684016738135711e+01
9.338493268540011272e+00
4.704387233517249634e+00
-1.465742303302381089e+01
9.545047681282856189e+00
-1.392939316173519515e+01
6.739018167534888804e+00
-1.083041769057964387e+01
-3.677385849978483279e+00
3.451497339649011398e+00
5.690541800707016762e+00
-1.688171672076713747e+01
7.073812560718353737e+00
-2.033938014358697188e+01
8.049833793542539695e+00
3.687516919474722599e+00
-1.665086375995779377e+01
6.957359269908499400e+00
-1.335135293032519321e+01
1.836312976040179024e+01
-9.055704429733030025e+00
-5.224342486238978012e+00
5.173033785908338622e+00
1.303631903852571128e+01
7.053600386463356742e-01
1.081240071259647451e+01
1.261610112708627440e+00
-3.937164698430748899e+00
1.172057731167002359e+01
-8.353595846254087576e+00
9.032192612264147158e-01
-1.143658336247271912e+01
1.529604047830632751e+01
-1.514291374480322716e+01
9.433280866588251712e+00
6.767711188795894728e+00
3.800155959806235106e+00
-5.857153870189668154e+00
-1.012576975155662673e+01
5.974569937463285463e+00
-5.279505981110837354e+00
-7.461735460655521734e+00
-6.445630950940026693e+00
1.361654591691604210e+01
1.567148664655197088e+00
1.448973903470992930e+01
-7.542445206046794581e+00
-9.486692408153214018e+00
6.786083665172601975e-01
-6.188665748545649770e-01
8.647033310679109519e+00
-9.174697247919993970e+00
-8.400538766762801757e-01
3.833052112530118904e+00
-7.643286070091926732e+00
-4.397508570530100691e+00
1.141037355363941685e+01
4.565291841577745480e+00
-2.642692546610336812e+00
6.760603058877175719e+00
-5.553780864671663764e+00
-6.118296542408967476e-01
-2.616636795010567340e-01
1.889838657152905554e+00
-7.862150123940335966e+00
2.962244899923875519e+00
-1.378384327923890762e+00
-1.775336222893925964e+01
1.683814461392049822e+00
-4.954524363100699880e+00
3.603761193852134781e+00
-4.217483184150906617e+00
-4.633126936013324482e+00
-4.919346801080309639e+00
1.378315146550485437e+01
-6.725674700511452997e+00
-1.083470553771990907e+01
1.759956221071107274e+00
-7.978643954127319304e+00
8.387945795035337326e+00
7.087023732570695955e+00
-8.329032299780276816e+00
-4.284403197628460447e+00
5.167156540356820038e+00
4.663590504734705711e+00
-1.237356913851542117e+01
2.814934425180589006e+00
4.640589969557604277e+00
-1.373516714260695970e+01
3.272767777092481900e+00
2.272633276287923110e-01
5.629963766393801805e-01
3.433706341518274030e+00
-3.606758627839571574e+00
-5.084603308431829838e+00
-6.162803209234976265e+00
-2.057373008904536782e+00
2.653571133684367478e+00
-3.725935611871951103e+00
1.094410132470758512e+01
-6.947688583948064434e+00
-3.267672119211737058e+00
1.976017755302119649e+00
-1.175075314277544258e+01
2.567670309222251923e+00
8.042628543249962902e+00
-1.740317226577692722e+01
1.442831700084678381e+01
1.393611741464296649e+01
-1.348536164105777146e+01
1.401658862098052793e+01
-6.656210450337967544e+00
-4.376218533897286989e+00
7.330924443300419036e+00
-1.748014491055654984e+00
-6.961574987570395834e-01
-3.904234394150952525e+00
1.633163368596665421e+01
-1.332695272951906595e+01
-4.063832403560686757e+00
1.236784735793180445e+01
-7.832041925812613492e+00
4.899836088524566868e+00
-2.420216905862490275e+00
3.927909925230036237e+00
-6.445697037090083903e+00
9.470279309842727145e+00
-2.120980547807796768e+00
7.234212386034803544e+00
-1.386102495941922363e+01
4.056888550303884955e+00
-9.539952496150482020e+00
5.675700062836342319e+00
-1.277615105848750154e+01
6.399909642848037095e+00
-4.970065583467269121e-01
-1.089915377493541726e+00
-4.412303213727438944e+00
2.282413689710031690e+01
-2.163415811707276504e+01
-4.935824708707333919e+00
1.344863946672451682e+01
-1.021475103975765109e+01
-2.812318439046997298e+00
8.386786111498278018e+00
-1.217372780106017593e+01
6.421961425118292155e-01
5.471771165717455254e+00
-7.503591793385954389e+00
-5.227166882593760278e+00
2.927154320120244346e+00
1.558289634291942782e+00
4.789715341235179835e+00
-5.788851677422439224e+00
4.810898345484428518e+00
-6.506678848028734308e+00
-8.835505015825015462e+00
6.987945713816648308e+00
-7.802712985156318837e+00
-2.352452204130623947e-01
-1.221971631886253107e+01
1.339096376432732427e+01
-2.052357795867333579e+00
4.526650074566704873e-01
5.034838761816735619e+00
1.240269199848395232e+00
-8.894174495160083183e+00
-4.143345430650882122e-01
5.373397454370684834e+00
5.432843979827786995e+00
-1.838435324117808634e+01
2.300842488278144060e+01
1.006881594650637979e+00
-6.602738330859541094e+00
9.046730413304928220e+00
1.019006866282495949e+01
-1.034976208299202582e+01
1.646412836442175021e+01
-6.805846682448950524e+00
-5.525225589152925387e+00
6.796409549274777362e+00
-1.327018395557300057e-01
2.790647057951047394e+00
-7.973283355430350383e+00
2.836866512809016694e+00
-3.186872164079704639e+00
-9.033840589681320310e+00
3.859382510337118433e+00
-8.325663306404127439e+00
-2.151261007700060546e+01
1.085632480668382449e+01
-9.256555632886403373e+00
2.384590801565628304e+00
-7.464069731309730393e-01
-1.123931888256730360e+01
2.371523451526488913e+00
-1.541004911594680493e+01
1.202535301198421891e-01
6.725263755088558781e+00
-6.720918303080400946e-01
-8.190970832750647190e+00
7.205745010767210523e+00
4.397546781525541348e+00
-9.777095562547611252e+00
1.662424757390363084e+01
3.541618828424250687e+00
5.962398155607905537e+00
-1.021973218072519884e+01
7.249407490590332515e+00
-1.010822455426624167e+01
2.138572270472110404e+00
-9.701449396906685507e+00
9.081830626543107243e+00
-7.484992970626025865e+00
5.492287960709347772e+00
-9.823247180275034296e+00
3.096782135000324843e+00
-4.392555069201308449e+00
2.826074959194722069e+00
-7.654637422144971559e+00
-1.051616044547256124e+01
7.098053848257909415e+00
-8.024451540969472774e+00
-9.592402255558219792e+00
2.928898513044209562e+00
-1.109402988293376069e+01
2.762237551719409989e+00
-9.046511440506998625e+00
-2.832091946556683837e+00
8.261575097711894244e+00
-1.352948224671443000e+01
9.386167613224243311e+00
-9.259405682299187035e+00
9.511988401157260853e+00
-5.027698288236858382e+00
9.752902138120507658e+00
-6.614218871731678107e+00
3.090596993155024563e+00
-3.553726775688734740e+00
5.181299770104254243e+00
1.882462142935241189e+01
-7.411221636589943706e+00
3.245300579312029310e+00
-2.350668317926545736e+00
-5.441227780135247549e+00
-2.196273058354450747e+00
2.709032542285800815e+00
-7.273198290896942808e-02
1.331245096049688215e+00
-8.660450056313724332e-01
-1.044198102824030361e+00
7.723309026178212022e+00
2.530248912968182662e+00
-5.066922178535904209e-02
-1.238001729481470292e+01
9.131956981101428283e+00
-3.700082644117819175e+00
4.468664187370631424e+00
-4.274421255122287100e+00
-4.863164429328039162e+00
-1.374620114771041557e+01
1.047683366367977342e+01
-4.093859735219696816e+00
2.709973963397418917e+00
9.896286528773760693e+00
3.788424976516045817e+00
-9.222339943116519834e+00
9.898054868192129874e-01
1.326776170766243546e+00
1.520967965706990555e+01
5.521191325928442417e+00
-2.189851293904710339e+00
-5.774707488241944020e+00
-5.128588053517344925e+00
8.147535839726806728e+00
3.325924475003712466e+00
6.589038786366668177e+00
9.466900861675545897e+00
-1.375277137839144004e+01
5.800330618174358577e+00
-3.251259192266218179e+00
1.522844862433676560e+00
-2.807502366624592405e-01
7.512259992333377712e-01
-2.785478537732984261e+00
-4.494737040378778303e+00
2.774120490473673151e+00
-1.767584344699296750e+01
-1.767761413146110572e+00
-7.219381000469132559e+00
1.592975147410139680e+00
-6.440472552163234887e+00
1.082737548721469700e+01
-4.062811115509341597e+00
4.950501859497053125e+00
-7.630108874580434630e-01
-1.455331562102971077e+01
1.394059354592092070e+01
5.637510070919072191e+00
7.710248475050596184e+00
5.196896940908178664e+00
-1.347006276814175507e+01
-9.774224381108753690e-01
-3.143636693863213871e+00
1.451829431691193495e+00
1.133101329124422207e+01
-2.050922068916529284e+01
5.147680068236735629e+00
-5.085268699399598802e+00
-6.257693577105030158e-01
1.480862256599102977e+00
7.982134697630003828e+00
-1.294919568746434280e+01
8.582885731900291582e-01
1.437986107465151653e+00
-4.969479110306365577e+00
1.353999473543410303e+01
-7.426588709817759870e+00
2.484082775026840384e+00
2.806073580607256979e+00
1.142516231563255324e+00
-4.481172556824896347e+00
-1.524641320702402325e-01
2.787161142118380397e+00
-5.321310253227536258e+00
-3.169044913028785437e+00
-9.165605633884686299e+00
4.774767261385852279e+00
5.713957292360660745e-02
-5.983477090353979122e+00
-5.412544277977158202e+00
-1.895794366153309873e+00
-3.934899775862259474e-01
6.896203021619473184e+00
-5.936449930994337265e+00
4.734380368267419925e+00
-1.509330305255863536e+00
-1.962765081014082824e+01
9.128431016470671011e+00
-2.397650836479055414e+00
1.423728645417872585e+00
-1.626683189612102343e+00
-5.013823911460448812e+00
-1.044982307302000102e+01
1.275094986401448516e+01
-1.927152865728447129e+00
3.672406317806926168e+00
1.981325832343504345e+00
-1.078745646495249666e+01
-4.539671042137989332e-01
7.995845293330390291e-01
-2.458542725052392797e+00
-9.949880811485057208e+00
-6.808795804173906063e+00
1.396721245377810838e+00
-2.001565491131841235e+00
9.302833767552755262e+00
-1.371821297283823071e+00
5.715190982147122511e+00
-3.173697425153257257e+00
-8.948643914390219223e+00
8.937769995047194271e+00
5.381008312787720627e-01
9.518378463484569174e-01
-2.974005102231764841e-01
4.832107349448669709e+00
-3.042888641113110637e+00
6.368355593435228279e+00
-5.437772101797565538e-01
2.488157438376854103e+00
-6.585046745309494298e+00
-1.485200450290980534e+01
-1.071552779280023771e+01
8.178140979032004765e-01
-2.835757561227614687e+00
5.371944128086028059e+00
-9.920819035670557895e+00
-2.043183616849468365e+00
-1.181344866175262354e-01
-6.873126121668612143e+00
7.152666606930284665e+00
-8.398072408208227202e+00
4.904948028561335605e-01
-4.784748086564003522e+00
7.622506979201808974e+00
-1.247403859197085474e+01
2.509304632306288863e+00
-4.482659378062917810e+00
2.880768628706554146e+00
-1.404262425257424418e+01
1.036697334853156960e+01
-8.617018670968867866e-03
7.219812148138947450e+00
-6.597549439810646454e+00
7.775676135617655582e+00
2.008425540873208348e+00
3.102560292202469761e+00
-9.006005977189907696e+00
4.770095311015423611e+00
-1.287293478212482967e+00
-1.892416149285849336e+00
-1.425842857169041267e+01
-2.813686032485986033e+00
3.531771333421272807e+00
4.264470021538505407e+00
-2.674354852860538756e-02
-1.190572364093665847e+00
-1.020021702421242793e+00
4.928028302817159201e+00
-1.938725538064606013e+00
-2.264918432425488959e-01
7.512482416862014567e+00
-9.225088786671200580e+00
9.238909808564383042e+00
-6.035743816514221649e+00
-9.103761348193835090e-01
-1.390457552088852111e+01
1.119003672838701391e+01
-1.078827561097016918e+01
1.016311391949259857e+01
-3.895859426603590414e+00
7.211980721014438878e+00
5.966045592887933680e+00
-1.008961803203671970e+01
2.198461554205716695e+01
-7.211160204255508077e+00
3.983407575824101876e+00
1.171971902963938383e+00
-4.857213973538359930e+00
1.620523461771886886e+01
7.483383262566709604e-01
4.238104334134060736e+00
6.335610264252142798e-01
5.847978874543944272e-01
5.918149349732809483e+00
7.533865135607307195e-01
-1.459406337096726958e+00
3.077595956637257046e+00
-6.629247621071939989e+00
-9.617191204560668893e-01
-1.383595045375151500e+01
4.410210383530801970e+00
-4.774508110225786695e+00
-4.014237682756403913e+00
5.927312676247239231e+00
-7.752464648247848977e+00
-1.993155051577299552e+00
-3.280054218937152655e+00
1.313195095207158758e+01
-2.211298434552832504e+01
-5.446448988117441381e+00
6.567260818038615611e+00
-1.017350352104802269e+01
-8.172478542359915110e+00
3.842548509222570630e+00
3.866095901248241873e+00
-1.704120324149570820e+01
9.338899401641247877e+00
3.505545693611220592e+00
8.178926819441501905e+00
6.829493745532476012e+00
-5.619590255036346349e+00
-3.588761544190974817e+00
-2.560255891417862806e+00
1.234049363691058332e+00
-8.923505892704234554e+00
-5.435705173831312464e+00
-8.922918927899729624e+00
7.483909297536351701e+00
-5.696588399437118255e+00
1.797935046644610679e+00
3.990660385787605513e-01
6.409949229929727821e+00
-2.437471582508618617e+00
6.473486867807864087e+00
-7.879198543231961338e+00
5.585372076169270450e-02
-6.758669779539673961e+00
-9.056219926285615784e+00
5.347246851387110311e+00
-1.557813214264105284e+01
7.195983631622942411e+00
-3.337956400590411654e-01
-5.941596230356897657e+00
-4.216644028081667273e+00
1.487304714167067488e+01
-1.335672917942725668e+01
1.977243343407920406e+00
3.631589436702537199e+00
2.766966897618661214e+00
4.257204195332731977e+00
-9.069339883611865716e+00
-2.089180490829453163e+01
1.699211049361403880e+01
-1.586119501596030545e-01
-4.866196217268628388e+00
-1.300473342134988997e-01
-3.932146180904502408e+00
-8.938535311934309391e+00
3.670281645026616246e-01
-5.047422274734508107e+00
-4.537894468143805149e+00
-1.814476492012920161e+00
-1.755080787679399457e+00
-1.309263208827069924e+00
-3.119816822657771382e+00
-7.941351821708726888e+00
4.191415362554671731e+00
9.995485201200939862e-01
6.993597089722491944e+00
-7.393551314453290502e-01
-5.030507183761086409e+00
1.096614189732015632e+01
-8.993774926494033650e+00
1.161212718555915124e+01
-7.481602518860765549e+00
1.118304626483383579e+00
-1.119880978044220754e+01
9.043728849966278460e+00
7.066137021881853997e+00
-8.219912830769242618e+00
5.827293054672509243e+00
4.842080012393306987e+00
-6.393125191124262585e+00
1.479930134310284373e+01
-1.258903898815708722e+01
-3.498574185566395656e+00
1.223851292524554957e+01
-1.171865656418056645e+01
1.120861875899866789e+01
6.524706989091150433e+00
-5.506287625405899000e+00
5.590608317897056700e+00
-5.828021846010982721e+00
3.194287829317944194e+00
-6.091075561411964046e+00
8.645466377169720218e+00
-8.512967022067994272e-01
-1.326342425180131457e+00
3.489195744754884032e+00
5.530179483195372114e+00
-4.223315778037151080e-01
-8.567217409560512920e+00
3.855360570534815068e+00
-8.051607141690476865e+00
7.135120948702030397e+00
-1.288103892646082116e+01
8.117392251262005587e+00
4.531140978572598677e+00
3.401814404656226642e+00
-4.690869184963774252e+00
6.468170961981436484e+00
3.505098595057464017e+00
-1.732316497405720668e+01
6.721357696120768388e+00
-5.797823922311607703e+00
-2.399845747433919030e+01
2.065972192046481126e+01
2.293824426145365081e+00
2.577342737449299648e-01
9.690808271217477454e+00
-1.315091201258473852e+01
8.168257126752767050e-01
3.215282253601294826e-01
5.896569904925845762e+00
-3.648905782417624977e+00
-3.753600525665198084e+00
-4.502262115443500079e+00
-1.620037962659165443e+00
1.387554421968801410e+00
-6.396621162078790057e+00
5.275129177699837690e+00
-7.100801613082765584e+00
4.420973745320134540e+00
-8.326010870569472644e+00
3.348659955294880142e+00
6.915873746827840840e-01
-5.386613607104338008e+00
1.842932364097707776e+01
-1.286061997108346411e+01
-3.538955324023228766e+00
1.045166679511816188e+00
9.513020681673197032e+00
-7.911361268396756685e+00
-7.527000975397627691e+00
7.521440194341227681e+00
3.389100074472597424e+00
-3.401842400772371988e+00
3.240725384125124009e+00
-1.260483366490118229e+01
3.854744013458353269e+00
-3.041978258341484942e+00
-4.201993550191569504e-01
1.157747822457800346e+01
-4.425316673480996776e-01
1.558976961756809665e+00
-6.735147195522603880e+00
1.859877923833969504e+01
-2.143047535614149979e+01
1.831569780079639642e+01
4.209009268351820765e+00
-1.300762609677861548e+01
1.295990629223642010e+01
-7.526062727214602788e+00
5.893174947598074809e+00
9.736652425930814037e-01
-3.072637366791397540e-01
-1.198027557936025822e+01
9.455090461450136985e+00
-3.880158441002639957e+00
-1.460909811301588590e+01
3.025879727644977812e+00
-4.769620928359200818e+00
-2.995456542252108001e+00
-3.978771259804458893e+00
6.084274275865170223e-02
3.399632599810520794e+00
9.882124965701947872e+00
1.704793631609220483e+00
-1.513358094460534176e+01
-9.010370598074239012e+00
2.185574035654714642e+00
5.497085369259373522e+00
-1.823557702912779632e+00
3.915033197810357191e+00
-7.142849079768932796e+00
1.573762348776065911e+00
-1.173283026601906087e+00
3.720592129013397642e+00
-2.870799818524753189e+00
1.223699810462981574e+01
-4.975783117539999800e+00
5.964662494751439503e+00
-1.540960271716644847e+00
2.160683440476809380e-01
5.109390894653902393e-01
-4.974868804349922513e+00
-5.787590820161700123e+00
3.487064684412601423e+00
1.423800325358666186e-01
-6.180972728581442865e+00
8.839509346086344976e+00
3.588535883026899853e-01
-2.157047443384728425e+00
-8.028408079254933938e-01
-3.811468387994940699e+00
1.253735423159685247e+01
-7.603705138328166413e+00
1.637891566998874282e+00
-1.273770222080091408e+01
6.417187420948791576e+00
8.000646463092127902e+00
3.048549592285137777e+00
-3.586551914837863286e+00
-9.819662084257796408e+00
7.865721911701719193e+00
6.587023071586362022e-02
4.455564684415715959e+00
6.181268411326126255e+00
-1.009575895963319425e+00
-3.403515439726405578e-01
2.701374113166479241e+00
-7.353504413912164139e+00
3.903876355626338501e+00
-8.372046782855862901e+00
9.937295859597648828e+00
-9.690989083643035684e-01
-1.710711661615810897e+00
1.313264701965718473e+01
-1.411545893464921519e+01
7.648410790812297577e+00
-2.866950378072572025e+00
2.274100364925346618e+00
-1.050493259520938416e+01
-5.960297131178276864e+00
-4.913007619609045307e+00
-1.589182713145327330e+00
1.064938712637529328e+01
-1.834665405589665355e+01
3.990864372195852994e+00
2.795848647332999093e-01
5.535046580341075106e+00
-2.012942071469218064e+01
-1.170963622781022906e+01
5.487648640208035999e+00
-3.957156655902806186e+00
8.143750063238062609e+00
-1.125454296947102195e+00
-3.636599243573890305e-02
-1.938378401425644881e+00
2.404437856787440708e+00
-1.191788762996473849e+00
-4.111208694049601320e+00
-4.742438114724029319e+00
-1.695642950985524422e+00
-4.314588977550073423e-01
1.081601000503497012e+01
-3.882847216141222191e+00
-4.320172780800110246e+00
1.368577397916698324e+01
-2.218078816182955038e+01
1.554924622974227333e+01
-2.649705484751965212e-01
-3.178608209172996801e+00
5.097818473598364264e+00
-1.183048160076115352e+00
7.124271269007751428e+00
1.003426252659042284e+00
3.001475422098883072e+00
2.911096944126475350e+00
1.151461332547763305e+01
-2.824576071449670600e+00
-3.490377959451571144e+00
-9.478002135122746807e+00
6.219069010342805015e+00
-5.165547801257179827e+00
-3.785883226937742041e+00
2.043765237393272649e+00
-1.555908691202176897e+00
-1.097431305171792459e+01
5.716530952759343975e+00
-8.153024561412657079e+00
7.005041812194443551e+00
9.215938513390260489e-01
-4.322862911352020276e+00
-1.909933570823248328e+00
1.345660957919585954e+00
-2.482410424832769635e+00
-5.833947105716063675e+00
-1.105943586298612225e+00
-4.479717958524666699e+00
-9.918807245041250553e+00
9.735244638189920252e+00
-1.723994388401576927e+00
-5.150957059210842459e+00
1.602431843566557390e+01
-2.022084517455834174e+01
7.025207766628751571e+00
-2.402369856403122839e+00
7.563453927166344570e+00
3.428004388067746433e+00
-1.583561157391886454e+01
-1.157465044465655879e+01
1.120578855922937578e+01
-9.456705402518176484e+00
1.017112355110000443e+01
-9.768174008545710052e+00
-7.754869148852982619e+00
1.087077137360804358e+00
-7.872461152539415252e+00
5.234882691949565903e+00
1.783196911909387783e+00
5.615517973318649325e+00
-8.630287446432177489e+00
1.498741916163055521e+01
-4.589112916296094191e+00
2.270634734537043897e+00
4.514422776294505724e+00
5.276932406852536062e+00
-1.697364656129290950e+01
7.634971405700884617e+00
-2.077140160879339703e+01
2.631422207234179922e+01
-8.909038638934577037e+00
1.339375304739819805e+00
-1.110251268871725649e+01
2.492189701324862838e+01
-1.168831062707637436e+01
1.821104234114085330e+01
3.365404918199567774e+00
-6.393941767958555289e-01
1.178414192254713555e+00
-9.227142518563042017e+00
9.029218396038563910e+00
1.807320850016145286e+01
-1.071145472585864233e+01
-1.218503860528118921e+01
1.007672751981608172e+01
-1.108617720765525938e+01
3.016966251058056159e+00
-1.047239480011670665e+01
-1.075746024091806419e+00
1.741083974165246850e+00
-7.449117821680505180e+00
-7.564987021507340259e+00
2.887958132586589954e-01
-5.445405171161912250e+00
4.260073596946571506e+00
-4.254063525763093878e+00
-1.226780218171232661e+01
2.780899625866317670e+00
1.916058456815107114e+00
-1.659148418304316408e+01
1.870407800196640835e+01
-2.086860336374907732e+01
2.067180570233029258e-01
1.399575876007981279e+00
3.229434696581903186e+00
-1.591830799492626980e+01
1.036332626975407223e+01
-5.857376923954538128e+00
-1.542043504688261990e+01
7.404566521237120114e+00
-1.285505897642546458e+01
2.299349465622867683e+00
-2.184526160949712192e+00
-1.452174684815201111e+01
7.192470074003159297e+00
1.429058617673660159e+00
-2.195487475511921360e+00
-3.438468069200084187e+00
-3.397117745542455935e+00
