-1.303776418086656896e+00
-1.068167725234887566e+00
9.833530029306455367e-01
-7.292904594212276104e-01
8.386331050654030062e-01
1.138346191475021030e+00
-1.356582447637868505e+00
3.869223181121060895e-01
-1.820989371381793287e+00
-7.862654472454760901e-01
1.692391744493858763e+00
-2.461629167596867340e+00
-4.759646797994983025e-01
5.109951386730582357e-02
-6.067429359598806027e-01
1.309287939997505257e+00
-1.477628958849831253e+00
1.114684814266997614e+00
-1.506813842153354788e+00
4.853886287440770664e-01
-2.967803550553176420e-02
5.036166637766199550e-01
-4.706776154874822704e-01
-1.179936862403980324e+00
-6.975857907838245442e-01
6.437706092714000627e-01
-4.534839409365948870e-01
4.229784662553344177e-01
-5.915302047493871118e-01
-4.357318521528300570e-01
-6.773578602465098186e-02
1.815095410707476264e-01
1.585641667869217120e+00
2.242352646427214213e-01
-1.374645805240920060e+00
1.267058956376511558e+00
-1.260788969518568392e-01
-7.162258152570849523e-01
8.206332103338904727e-01
-9.546397222138551797e-01
2.153763940269197708e+00
-1.500515726625862856e+00
7.011388445446922191e-01
5.791180152526019809e-01
1.801297071860164523e-01
-1.441102443622519491e+00
-2.899007000764288189e-01
-9.354538794451965344e-01
1.303147454525793503e+00
4.659760954046989201e-01
-1.871920425289204104e-01
-3.061491734239831786e-01
-1.280347386858346204e-01
1.171777097688435632e-01
-3.334528473123640757e-01
1.433625813705341034e+00
1.053286624508493530e+00
-1.739569132726787259e+00
-2.484930758652597049e-01
8.488896297891734832e-01
1.371500129724296801e-01
-2.375778199100118115e+00
-4.952088248036830287e-02
-6.934979745331801282e-02
-2.063852396417294788e+00
-5.458120801171600922e-01
-8.367594481511734239e-01
3.133318201129831060e-01
1.138898235083429800e+00
-2.293524009628818694e-01
9.215308105611255685e-02
-5.425841456558189169e-01
-1.441204205609981859e+00
1.815923554919249838e+00
-4.168454502489635227e-01
-3.649882920869364500e-01
-1.666770806092205959e+00
2.515517751108007793e+00
-1.308566185224619760e+00
1.858721254376075382e+00
-1.835179076264767728e+00
-2.028338123284597477e-02
1.480879519437253988e-01
1.288950124097897609e-01
-1.781719780800221642e-01
-1.350633889539708088e+00
4.112239428865196444e-01
-1.447601649905323029e+00
3.168316032606545707e-01
2.253091877717849825e-03
1.180024639376159534e+00
-9.382922613455946248e-01
-1.705383900047940937e-01
1.483474774000596685e+00
-8.065348208908413863e-01
-3.381186649453929993e-01
3.353813041442072596e+00
-9.776544724325233471e-01
-2.892345993044349584e-01
4.964194507575950266e-01
-5.352917879561053249e-01
-5.596552559409963962e-02
-8.785640407721654332e-01
2.020090139908412130e+00
4.479343400269906184e-01
-1.382120090204432383e+00
8.761443160442989875e-01
4.409261282985159347e-02
1.075831747513805503e+00
-1.623150210252636949e+00
2.378675661116746443e-01
-6.247468424389367447e-01
5.403592943747572708e-01
-1.425265659563793363e+00
2.608309221274138334e+00
-5.802598667821390332e-01
2.861989326292819769e-01
1.590694218411405902e+00
-3.062365136281171907e+00
3.608204928149304269e+00
-2.042710604308977995e+00
9.507567218580259549e-01
-8.980354572253137491e-01
1.444223169310424826e+00
-1.451635352067373930e+00
-2.313613449213641537e+00
1.539078768498277350e-01
6.848907770618239965e-02
-1.346443939023861613e+00
1.745750727478478093e-01
-2.644696788252833275e-01
9.824441492312077640e-02
4.985696508795975923e-01
5.018228551226400214e-02
1.208679351860833195e+00
-1.182348391329762549e+00
-1.258182696958906333e-01
1.089108872717224230e+00
-7.753007006234022835e-01
6.206714390773446777e-01
-6.558220242780965492e-01
2.280831624226002052e+00
-5.165678915604809962e-01
9.709815624523630007e-01
-1.833210514911744582e+00
2.613883193019719720e+00
-3.049079589696376935e+00
1.303932697928535944e+00
1.088688924873386227e-01
-3.679292070887118515e-01
2.404629635583670044e+00
-2.322967509435195588e+00
1.485236218202691916e+00
1.278965064378769556e+00
5.965409380136328377e-01
-1.545829448613407653e+00
1.172260910793129218e+00
1.791683644238507567e+00
-1.143348158198165931e+00
-1.481723253887876846e+00
1.411331701978053021e-01
-7.643052086849229376e-02
-2.071188722741187926e-01
-7.367787966883294626e-01
5.221760141857438864e-01
-1.481993590217709933e+00
-8.222740338010110506e-01
1.481391640387147435e+00
2.679752447827696282e-01
-1.740358604757121785e+00
3.991478486103199053e-02
-5.333189216673488442e-01
5.243241932060953570e-01
-1.016910482825005513e+00
-6.699527177041175729e-01
-2.900694226100544032e-02
2.088555820350167291e+00
-1.556310236119832435e+00
1.072591405592145275e+00
-4.623121083009563148e-01
1.206425408735526172e+00
-2.110610515737873227e-01
-2.151622915363820887e+00
2.910802054606190126e+00
-1.517514152706579411e+00
-6.091511231564114004e-01
-9.651280550599515839e-01
1.468617624712645675e+00
-1.093165224500468602e+00
-6.350145074143738189e-01
3.304218503624413161e-01
1.543735215502583635e+00
-1.259514477850977698e+00
1.552040886281744747e+00
-8.324676762223031101e-01
1.410510575234009911e+00
-4.842709791147252751e-01
1.938798000703616298e+00
6.709813739340347860e-01
-1.800868696015322401e+00
-3.471218409229349655e-01
1.554058480738592873e+00
-5.531379162072258548e-01
-1.732409588615062557e+00
-3.777096544968419067e-01
1.234533105450518864e+00
8.417834271728455997e-01
-1.611611373170534822e+00
-9.408787068424669109e-02
-2.416078888785744283e-01
4.755411979156233815e-01
8.110235760583209830e-01
-1.124493880959288594e+00
7.238353508339943065e-01
1.381286250543066085e+00
-2.364430391578541624e+00
9.104866228822663388e-01
-1.990878313691702428e-01
-2.162735848705061303e-01
1.066150612802630321e-01
-1.054449689899234627e-01
1.195397491647383292e+00
-3.745117348208711339e-01
-2.874203808380552339e+00
-1.016504643774039263e+00
4.359037634800753125e-01
5.399078589480723611e-01
-1.304200797562762748e+00
-1.005033004782549089e+00
8.354216358143682353e-01
-7.323486566066015335e-01
1.883686746667639467e+00
-3.099217679080158439e-01
-1.346270891640219292e+00
-7.859479847977624001e-01
1.779051924100351512e+00
2.161550476580527125e-01
-1.903087993992561566e+00
-3.377046804817777637e-01
6.785631023575009468e-01
2.377717929775554906e-01
5.479186028101329375e-01
-5.336631601127674873e-01
-6.679156169652019637e-01
1.080056763658504781e+00
-1.422802144643771083e+00
-6.943597161712365962e-01
8.349292036726205790e-01
-3.217247737703024524e-01
-1.551663134005210054e-01
8.526127826399523268e-01
-9.444299078956224225e-01
1.400875306500592998e+00
-2.679217257243384775e+00
-2.894590681438573010e-01
1.723479438918899431e+00
2.935531711813968991e-01
-1.005426229332545107e+00
1.465467260498431457e-01
-5.448324198205106716e-01
1.395787774475892640e+00
-3.854447533581373264e-01
1.163567682291072991e+00
-1.665581662089908210e+00
8.259701511392773809e-02
1.549694418636427873e+00
-1.437895804215315876e-01
-9.430568502297346223e-01
2.478586290958136595e-01
1.319267479783625685e+00
-1.940014405469999259e+00
5.421018476682981646e-01
-4.925596149705550042e-01
-6.530851142831781697e-01
2.942552743731876586e-01
8.321915913171429313e-01
-1.407131045231021949e+00
2.683945062137384485e-01
9.068100736048748112e-02
-1.014923761044877804e+00
1.662508664619031906e+00
6.704147773719882145e-03
5.936652371001382988e-02
-1.106327792788088377e-01
7.308907862566752511e-01
-1.831044092887859631e-01
1.207544625063330601e+00
-1.416969761054495569e+00
-5.846908018822374320e-01
7.418661377590173023e-02
-1.281432338519634673e+00
1.663885178194925540e+00
-1.298156747572971614e+00
-3.168540333619363492e-01
-3.808226799368249482e-01
1.131127950431756846e+00
1.031006252756791197e-01
-1.816170849530633458e+00
1.104747083208824865e+00
-4.523912989124093120e-01
-9.345349619999021584e-01
-1.082361554904178735e+00
3.940355724355770195e-01
5.884806981543437565e-02
-4.398235350697241586e-01
4.374256105674713124e-01
-1.177117294886957710e+00
-2.572119950466467131e-01
8.383353164278437575e-01
-5.151554597990765094e-01
-5.587756902837263118e-01
1.521281355380500688e+00
-7.777847053407341837e-01
1.132106518929066191e-01
-2.299691828022889517e-01
-4.854120806079447736e-01
7.056203544358279067e-02
-5.897598879934040639e-01
-1.187990148938152357e+00
1.716796879145859211e+00
8.323173672771385645e-01
-7.321023804554351866e-01
7.140172734382399522e-01
-3.818033814212782456e-02
5.729338063419078114e-02
1.395136763010848657e+00
-1.582306018490496458e+00
3.606949355592902751e-01
-4.129662511745277875e-01
2.129335752187379249e+00
-1.712576824669721720e+00
4.350263114296177847e-01
6.614117311688587630e-01
-1.217380614583380538e+00
8.113283207545795017e-01
-1.483850688427229780e+00
6.580131613883992703e-01
-4.426849994028858037e-01
8.811790166683091119e-01
1.674655187529495437e-01
5.776731598350890451e-01
-1.156859124129688166e+00
1.022624198329192824e+00
5.243815913729218403e-01
4.085895992902934815e-01
7.394746461645734792e-01
2.082990366550863948e-01
2.865158117082078348e-01
-4.543580950291198906e-01
3.751767397913928770e-01
1.402700866107995825e+00
-1.948616947910959851e+00
-5.342230869901228862e-01
8.226223447326674876e-01
2.030840328542193873e-01
1.440651373745404362e-01
-3.949843251045751513e-01
-4.561429502377059575e-01
6.404113738288779167e-01
-4.172316955703859742e-01
-8.876250798400512343e-01
6.421624683414484114e-01
3.005500334345778679e-01
-2.221228220475304771e-01
-1.012815238658828720e+00
4.986333961004651982e-01
-4.455340790158014985e-01
1.185808613043523030e+00
-4.414892212107456859e-01
3.679295014704265787e-01
-2.593944961063606169e-01
-6.063737577311412164e-01
-5.599867263699096487e-01
6.082945679269165240e-02
-2.367481587116184727e-01
-6.516258969040947813e-01
6.062630676033864408e-01
-2.942896605015698965e-03
-1.074988362836557965e+00
7.010004522536243676e-02
1.645072333478606152e+00
-1.939133378992094592e+00
-1.200998154941631979e+00
2.143814760640834205e+00
-1.517342405328562793e-01
-3.276049466161836538e-02
-1.783406858340912948e-01
8.427203630302931847e-01
-5.193464063762158467e-02
2.726986149521940517e-01
-1.046620973574213798e+00
-1.141842033456081859e-02
1.266612107570636470e+00
-7.728373596911104482e-01
-1.778003688757763823e-01
-5.687685509742038681e-01
1.355886540352532643e+00
-1.208419687211718774e+00
4.326979620033717389e-01
-9.908088422701586406e-01
5.432517415107272069e-02
-2.290288393799620792e+00
7.919241111536716726e-01
-1.000108753163895664e-01
8.440469483156309849e-02
-7.265729695235523256e-01
4.390185982165439316e-01
5.534803548549855901e-01
-1.476088285991376259e-01
-1.049785046926837440e-01
3.763335041338191078e-01
1.156161921331682496e+00
-1.093903792336465397e+00
1.030920609060407556e-01
1.368349154118277955e+00
-3.847698746441709505e-01
1.005512679555190747e+00
-1.097867690987288869e+00
1.917229924918403494e+00
-1.957345817213755002e+00
8.631809590402139687e-01
-6.566740761014308037e-01
1.116331255282255297e+00
-1.310822575781682930e+00
-5.491304150003291362e-02
3.577564937058387295e-01
2.071294112231619466e-01
-3.213728574383544756e-01
1.042188924353831120e-01
-3.514665028764283328e-01
1.455591900945526207e-01
-1.950615474026833884e-01
2.267501016824260418e-01
9.021402208381390508e-01
-9.301780688321988066e-02
-1.365511644162726412e+00
8.747791895998731082e-01
-8.283449264864064521e-01
1.993121073159739853e-01
3.680530018776545509e-01
-3.218040743974025508e-01
-2.959168342068073040e-02
-1.120497171205884657e+00
3.816111543667680683e-01
1.629734446761311462e-01
4.432044492954343440e-01
-8.954585514057544771e-01
1.260819821408064367e+00
-1.474307049664064451e+00
1.401569662819240447e+00
-6.758969488445814022e-01
1.006543331449480494e+00
5.224864420513373187e-01
-2.092671933329890988e-01
-1.711328038456260359e+00
7.330671139892914745e-01
-9.867623529324016929e-02
-8.806448382478206938e-01
-1.363101587712577667e-01
9.338601056725890359e-01
-1.095586571691874900e+00
2.046638119016009227e+00
-5.321833659952053264e-01
1.891878457426371674e-01
-4.946221981413308488e-01
3.590043571574644821e-01
-4.663892831339822576e-01
8.244136403817983183e-01
-7.974694728420701484e-01
7.161972104202980471e-01
5.529950332449663497e-01
-4.495574797037740211e-01
-6.187815666647762392e-01
3.130629841712962991e-01
2.280593023250969686e-01
-5.771106517120951906e-01
8.865387740497754354e-01
-6.396510307079545932e-01
-4.529858220790074913e-02
-7.695145829124628856e-01
6.695752978385159926e-01
-2.026160757658734823e-02
-2.289372518039220206e-01
-1.554653538657786993e-01
-7.577147876431457041e-01
-8.995039007889833460e-01
1.492783802496365997e+00
-5.525271752881163456e-01
-1.056899237851749440e-01
1.183435875592372843e+00
-1.625782068684149095e+00
-6.881787746370982006e-01
5.658672870219666473e-01
-1.514376750723637866e+00
1.250349942791997737e+00
-1.247198480365628165e-01
4.940271957207295617e-01
-5.588337008446199183e-01
9.588078496460878952e-01
-2.056477205354779958e+00
8.433842468540992954e-01
3.104251208917805371e-01
4.046877918763071014e-01
-4.844429546556416888e-01
6.825424960284314224e-01
-5.004211289926511208e-01
3.651709580323924120e-01
1.471369117737900911e+00
-1.654890425976399682e+00
1.925881472610848189e+00
-1.103032782146498914e+00
1.042080576811578174e+00
-7.468065020116523289e-01
-1.189533902443837832e-01
2.664530053650062125e-01
-1.069277641331951162e-01
6.125157354522222652e-01
8.171715390741555174e-01
-1.631840112274617338e+00
4.716589258277871233e-01
4.871265675753763125e-01
-1.813276216200594204e+00
7.003862336947979106e-01
8.366431579729226575e-01
-5.970308606097303183e-01
3.488013238009283756e-01
-8.804832746858675119e-01
-6.428072598272549509e-01
8.490754583054023197e-01
-6.646468301712729621e-02
6.085791431741903734e-01
2.493585803614861152e-01
-2.484893217918310582e-01
-4.729727861254093280e-01
6.606513360819492586e-01
-2.326773287813625468e-01
5.581107961618303470e-01
-4.575070735097571673e-01
-2.426250988057983560e-01
-1.040681960945828433e+00
1.753216995137271139e+00
-1.121908303104136806e+00
5.983779101231138930e-02
4.151889999332351033e-01
1.379756593230522466e+00
-5.893893736588902144e-01
-6.267773843724345761e-01
-1.016867391417122679e+00
3.321208536960154056e-01
-1.279935320932661158e+00
1.228356708690003796e+00
-4.208273547015805027e-01
4.581787049146376356e-01
-2.129122374425874431e-01
2.002174506718944202e-01
-5.858359936120274281e-01
-5.127671643545121949e-01
2.809945292226129210e-01
-3.214279172894247971e-02
1.467039759748834382e-01
-1.508493054913694120e+00
3.557893775841073913e-01
-1.620711281236282275e-01
6.321130791792103354e-01
-2.104926801673495385e-01
7.113508283885430217e-01
-6.504860995854904182e-01
-5.184420223583178222e-01
4.706196462534828484e-01
5.849765809541420669e-01
1.523481030974335459e-01
7.248208459522645919e-01
-1.146301987804510869e+00
1.192088825965333054e+00
-3.430215612165454231e-01
1.610541630848065786e-01
-1.093430025553943086e+00
1.175126624031232581e+00
-5.049747434783462274e-02
6.107994408927089891e-01
-3.383765406712760937e-01
2.788861781239395654e-01
9.806684739372432125e-01
-5.347231061329859036e-01
-5.290158534255678946e-01
7.581934650367969097e-02
-3.783601286275229958e-01
-2.850503648986358884e-01
5.199551124765809940e-01
-1.981661547985094640e-01
4.393880651657618153e-02
-1.239048235021794842e+00
2.553498263646424959e+00
-8.223084346321900551e-01
1.484141300402338770e-01
-6.526648776202124136e-01
1.591919339982123649e+00
-1.190441484784743320e+00
1.411955739128820886e+00
-1.309455206786328985e+00
8.002654443999324130e-01
-7.782151103737320330e-01
2.503637057279455291e-01
-5.390832272764063404e-01
1.230355218372189530e+00
-1.140111928265316044e+00
4.453463657933106612e-01
8.328115049132671643e-01
2.920653459977600730e-01
-7.817877360137285292e-01
-7.230727267046009876e-01
-1.262048149678797859e+00
5.676967326722621998e-02
3.744483975706300316e-01
-1.039343726331702911e+00
6.713954999718887429e-01
2.376325903213232782e-01
-2.459676879448373724e-02
-2.548824210850007543e-01
-1.816121576297024531e-01
7.883254259989835866e-01
-5.403612687901911821e-02
6.534382435873936634e-01
9.077520198254458439e-01
-2.486617165416583397e+00
3.324270072614473381e+00
-1.504473573926946361e+00
1.101769208145397361e+00
-7.186280018496548072e-01
3.789748104426625130e-01
-2.628056670917815474e-01
1.051552963385696149e+00
-7.078601603748856386e-01
-5.060523362903525113e-01
1.483100875900180471e+00
-1.183324960399696701e+00
1.278678655776690709e+00
-9.313427056150274108e-01
8.210227829960177193e-01
-1.871643683099353250e+00
-9.036330111201082982e-01
1.028582704805565573e+00
2.415575659839489658e-02
1.615471543113299546e+00
-6.811098952406922091e-01
5.617919197021759015e-01
2.269873873846169343e-01
1.725777965666246486e-02
-1.059556883524292781e+00
-6.616254719568051001e-01
1.743021478727720730e+00
-1.606218058051596675e-01
-1.499173854832598574e+00
4.952620452049395494e-01
-1.913678524073142651e+00
1.018765197026219482e+00
-1.435960642451920566e-01
-1.108700229582291863e+00
6.815421941957762186e-01
-8.349402452559628873e-01
9.253505635000868201e-01
7.049260873125268168e-01
-1.123427020775827012e+00
1.369744674792658712e+00
-3.563025504861653259e-01
5.540169675405942629e-01
-2.009185426311592693e+00
1.809706177376925740e-01
-1.240302540509052420e+00
1.340122651024069134e+00
-1.205631428918836123e+00
8.748129701110594070e-01
1.314522132582140568e+00
-1.903409507845771120e+00
1.948307959871503070e-01
-1.277057484585938651e-01
-3.743926744399417861e-01
-6.277632216770810958e-01
-7.684782251850652557e-02
1.232374175868545141e+00
-6.694853302925786176e-01
1.642281131918972958e+00
-2.458362003665166995e+00
-1.297111967575305558e+00
1.465301316106682350e+00
-1.449322212538465049e+00
1.636620648173870318e+00
-1.549646618794607189e+00
1.042378579696000784e+00
3.002183618103957952e-01
-1.298109275968071907e+00
1.167291461899526483e+00
-9.841083358222343369e-01
-1.340554420688478687e-01
1.142329077248153357e+00
-2.406283973316711844e+00
9.180449428639150256e-01
1.334009778642293587e-01
1.317620082730020847e+00
-1.183628394000399542e+00
4.494056399498410070e-01
5.329706604410553578e-02
-4.838175271457839099e-01
1.667124044594045229e-01
-1.756197586384452336e+00
9.146869907368282426e-01
1.708288792968576164e+00
-2.981385066045378340e-01
5.884194807499218971e-01
9.401399477528643578e-01
-9.574749767468268558e-02
-2.151622781327551692e+00
6.299204258983854832e-01
-9.520949362515722658e-01
3.265849560837863486e-02
1.015819582042731373e+00
-7.851082514612232055e-01
-8.969881754571709664e-02
-1.317105509263239771e+00
7.915945749823360966e-01
-1.497799027252773918e+00
-7.350993091327019391e-01
-7.090203339898621948e-01
2.192634317697276514e-01
7.782279442569077776e-01
-8.185107225793117891e-01
6.429149876566013777e-01
1.078934855235804902e+00
-1.000065183142228253e+00
-2.649611703219022507e-01
4.204238719739512575e-01
-2.357178098891488105e-01
6.180216149328725539e-01
-9.595410166943045827e-01
1.636784646923354014e+00
-1.687593513714483517e+00
1.854937073296407890e+00
-2.563422703954107984e+00
-1.354191394286852645e+00
1.273025577225264771e+00
-3.920732691757607136e-02
-5.315397852366977594e-01
1.088469527667371484e+00
3.970449822078429558e-01
6.796519980163692742e-02
1.421347672054261990e-01
1.505206791928294541e+00
-2.345432391201000666e+00
1.269048035224797477e+00
-4.845550330489798441e-01
3.721342529089654572e-01
-6.213899304369296939e-01
4.894134552351451228e-01
4.444554901829210758e-01
-1.065886315648516131e-01
1.048159424968253539e-01
-1.256102247161713148e+00
3.612979218531671421e-02
-1.482828234086709829e+00
-8.156008936532206655e-02
5.865935552485921356e-01
-3.342794804982752721e-01
-1.196035885091299544e+00
1.660751636114629504e+00
-6.468523029318991313e-02
-7.659736818833268179e-01
2.183357175676628736e-01
-7.612777450744365737e-01
-3.175548879544086489e+00
3.707362093369591882e+00
-2.152234656380434541e-01
6.960196365897985959e-01
-3.328537932530670207e-01
-8.112646957027218608e-01
-2.650890724199563842e-01
2.043923709266328714e-01
8.021020305630829350e-01
-1.261861425471617171e+00
-1.078239976381891507e+00
1.155064280375291519e+00
5.664646421698948942e-02
-2.768206149624125589e-01
-1.108947492058815820e+00
-7.921145054964882082e-01
-5.439739411876109987e-01
-4.587782478806453068e-01
-1.012101358582347066e+00
-1.194924833596972436e+00
1.235731311279099742e+00
-1.249224732873513710e-01
7.570180625738703872e-01
-9.113792790009600520e-01
-2.710432693111506919e-01
-1.099610988710229442e+00
5.803345013061285140e-01
-6.655179662065799917e-01
-3.759712223318813495e-01
8.451324190047542206e-01
-5.592089020279285005e-01
7.517155563674554619e-01
-3.585108906754616021e-01
-2.203039143872794980e+00
-4.706409178903207535e-01
6.198497611302400054e-03
-7.671715898414993573e-01
7.592567674571999436e-01
-1.845100101246002211e-01
6.619775406176910959e-01
-1.738607719352878833e+00
2.374067027296307142e+00
-1.102013966235742659e+00
-6.383212049229067819e-01
9.759282329127900724e-01
-1.357589842340882313e+00
2.037283749563282065e+00
-1.614520785425953564e-01
8.270965068739351000e-01
1.282987756720131434e-01
1.101505455973179393e+00
5.331739427038393320e-01
1.027216015510722613e+00
-1.316973721993858648e+00
1.892485225016045658e-01
-6.277298037517121676e-01
2.373932106393036590e-01
-1.086505875869310245e+00
1.131854083573825109e+00
-6.326919459184052741e-01
1.724206434467888682e+00
-2.835866547249672395e-02
1.190819227030050609e+00
-1.432572535765959554e+00
-3.496565488954157808e-02
1.121698697402190970e+00
6.607705224704023550e-01
-7.415198962151012818e-01
1.194349419893144582e+00
-1.127314228303034849e+00
3.785026905144650566e-01
-1.151392164177525768e+00
2.626492353746051389e+00
-3.393308373477823547e+00
5.241040224773135803e-01
-2.141789991225329093e-02
-4.942760915532865562e-01
1.954504379648928369e-01
-6.296248355945548436e-01
-5.603094455296219190e-01
-8.307441336288361455e-01
-4.317057765975609307e-01
-1.033725327288970153e+00
3.416973221801719030e-01
-1.598790463499853320e+00
1.893431964946273194e+00
3.150203218274125194e-01
-2.124232903158896346e-01
-1.294446155281752553e+00
1.098963230004516678e+00
-5.272444982910347022e-01
1.007638418686547466e+00
-1.007672994648447062e+00
-9.910117095536682408e-01
3.070948781757779633e-01
-4.839410763588514186e-01
-1.034410516920683420e+00
2.440504212890511337e-01
-2.075191197197715720e+00
1.311242988141774646e+00
-6.190246096625020567e-01
6.467168742813930171e-01
3.807726847152082539e-01
-3.559095678639847549e-01
-8.502952976283459918e-01
1.097008538249619081e+00
1.332715563244003310e+00
-3.288533339988173876e-01
5.653747680131715470e-03
-1.578801116992252895e+00
-6.402914224114801822e-01
-5.941303022479909046e-01
8.291537681472013199e-01
-1.692738812414522620e-01
6.204387864415303877e-01
1.813845190973833732e-01
9.740490840851627752e-01
-1.607778193747983808e+00
4.623905988397982586e-02
2.438828501848463726e-01
6.642754049606918176e-01
1.101521676624874546e+00
-1.573582559065366038e+00
2.706484799798595242e-01
8.060056809692458524e-01
1.997549245380273009e+00
-1.645879397893018181e+00
4.228707044072670951e-01
2.082539179799197449e+00
5.176268762078348740e-01
7.679213853291334546e-01
4.785853985950478950e-01
-1.428441709020509265e+00
1.015007734092297831e+00
-8.364841437721555195e-01
-4.031019079967581437e-02
9.780386975097939972e-01
-1.629150039265578442e+00
7.622149531995997540e-01
-2.293420276264561686e+00
1.909529005451787498e+00
3.119413238603724325e-01
-2.195594782728451655e-01
5.454980742394728299e-01
-1.573512659832177807e+00
4.694777037644824458e-01
1.109518358012385297e+00
-2.289389424767351855e+00
1.455889851557652825e+00
3.975306459172260887e-01
1.142959290663786209e+00
-1.671421196929982200e-01
-1.384401751108849554e+00
2.746277120302828001e-01
6.486912185320280466e-01
-4.546392510183145386e-01
-1.635714476166005182e+00
8.201926645942656524e-01
-3.388722452771908335e-03
4.680499876201283382e-01
-8.435442260836459871e-01
-1.248025380361970971e+00
-4.294924531389495148e-01
-5.897680705079871855e-01
6.757177284557405184e-01
-1.047751955053768391e+00
6.857618835704902827e-01
-7.991018359629163959e-01
1.611241449696554806e+00
-6.481439357711332727e-01
5.287337428699141473e-01
1.016071770333936808e+00
-1.302023323902329333e+00
-8.159696642998899296e-01
5.568954470087380537e-01
-4.367017021351159434e-01
9.669401101665313636e-01
-2.897132840718175117e-02
-1.496042877284110784e+00
2.942743901536633455e+00
-2.919492208862202620e+00
9.897908593698165891e-01
-1.055926081421846074e+00
2.321296669730992246e+00
-5.479129348467897120e-01
-4.417250897231251860e-01
-1.191135671174703203e+00
1.352877066863525712e+00
-3.765459804983649628e-01
-9.641223249710542675e-02
1.818914880897411768e-01
-3.826203538360976597e-01
-1.434510800541308750e-01
8.850121974121769042e-02
-2.759991108246029334e-02
8.744338745558417891e-02
1.061349134695276586e+00
-1.216721241345444238e+00
2.771572925066904780e+00
-1.149649531014831361e+00
-6.731486479316640681e-01
-5.444054628541945551e-01
1.365788782802340284e+00
-1.758276635015124656e+00
2.008537546717965139e+00
-9.593357290973859586e-01
-9.904052857153330947e-02
-7.284775689580069713e-01
1.380612092174634764e+00
-2.252628322203309441e+00
2.153101861507795256e+00
-8.651687191565576862e-01
1.978165883530489833e+00
1.495704947424313092e-01
6.752923550055597857e-02
3.363381680876337265e-01
-1.520193909775147345e+00
1.302190083566364009e+00
1.182466038442982370e+00
-1.539266501996023662e+00
-1.693061601329033383e+00
1.041989156437947983e+00
-2.617487085105017375e+00
1.680792847893956221e+00
-3.081539857684919559e-01
-1.113847323943516487e+00
5.830197953236190278e-01
1.258755788238685724e-01
-8.990637197368881450e-01
1.618234853565825304e-01
-8.220983642109919165e-01
6.578072023255601142e-01
-4.434913538751051112e-03
-9.768342563181094951e-01
6.013409347781040193e-01
-3.956641253089782095e-01
-1.058899551772283898e+00
1.116249239446885255e+00
-7.954890328698175361e-01
-4.644258515909719387e-01
-8.423404638526562627e-01
-1.498408887847169357e-01
-8.042973240305517635e-01
3.332600478306311231e-01
8.198996962789983217e-03
-1.181032099627995491e+00
3.162328361521405395e-01
-1.531495431625300885e+00
1.070049104652377903e+00
-9.687928260957751059e-01
-1.276919170011586058e+00
1.489658599317422727e-02
9.329912159696787111e-01
1.231550604576250735e-01
1.397475307894304963e+00
-9.816076413562129233e-01
