3.907672653966237641e-01
-1.468778563874068910e+00
1.508457773036733895e+00
5.142722002268307682e-03
-5.039732475306148846e-02
9.868081667303423288e-01
-1.489719066936949554e+00
7.284359707596618216e-01
-5.503824563941911441e-01
-4.327790461583784776e-01
8.604226229002854831e-01
-1.637402648660011284e+00
9.910047119376544922e-01
-1.090211940022240977e+00
9.390036831798440620e-01
-1.063993568589781946e-01
-1.139481365616901609e+00
5.948639083516751302e-01
-1.609501826579975980e-01
-1.138256740520326549e+00
8.274008750394262757e-01
1.291718687960262901e+00
-5.694904535570776138e-01
-6.201519458221603776e-01
-1.103980082138785956e+00
1.477983695399164743e+00
-1.702486007851433003e+00
3.331054973244096939e-01
-5.473018611230618946e-01
-1.096216550661234246e+00
6.123352974131863746e-01
-4.330350192592952174e-01
8.789968199162683238e-01
1.501325505631040613e+00
-3.701372290409584931e+00
1.799812984792026782e+00
-5.810761228874588014e-01
-1.378153341943362475e+00
1.473401453583095488e+00
-2.059371575830395873e+00
9.914661759716250078e-01
-4.536544528197186676e-01
-8.540683570928368773e-02
4.290447170355959905e-01
1.297255119892000083e-02
-6.418796374732942400e-01
-1.195737291959373838e+00
-1.348164477039098808e+00
2.742739220429154301e+00
-1.415095358145890270e+00
-1.901789197810437385e-02
-4.654484031829405066e-01
-3.850349127338200672e-01
-4.624284363460992031e-01
1.238190276608072571e+00
1.638935437931975159e+00
3.004827718333841213e-01
-2.147207011788958564e+00
1.716699887514736345e+00
9.629403962854314880e-01
1.052396331684677167e+00
-9.372109169676037244e-01
-1.078139589306840396e+00
4.252630329424338385e-01
-1.412102060000986814e+00
-1.064831600362803332e+00
8.058301385853470222e-01
-2.170311545407221376e-01
1.273635363375770435e+00
-1.239947400913294029e+00
2.781903839520538102e-01
-7.343235673906425287e-01
1.141133055879258951e+00
-5.965181505805376982e-01
-2.272152918306769853e-01
-9.270413101543709677e-01
-6.887571636606761860e-01
2.348803819971743145e+00
-1.078995549956364375e+00
1.424065705899609124e+00
-2.374844587193988943e+00
7.085479004702344152e-01
-3.938743001920538833e-01
-2.055930825596077871e-01
3.441176342865560622e-01
2.147006279235275650e-01
-9.431768493563786881e-01
-8.074951653816064834e-01
1.415217215415823571e+00
2.371342370740745498e-01
4.763315894683130547e-01
-1.758150435636105957e+00
-7.946797062396593336e-01
2.118272522106974698e+00
-7.630603241458032704e-01
7.225109562438920552e-01
1.281131754334800865e+00
-6.748974526740914026e-01
-1.047917215490388854e+00
7.825643647622639865e-01
-1.783577118835577568e+00
1.150699570937484539e+00
-8.388909141750658938e-01
7.514668582492427529e-01
-3.442283511699848614e-02
-8.777594631592791075e-01
6.230203703820469396e-01
-4.321779513129497263e-01
-4.425554892990284372e-01
-1.252726381389814847e+00
-4.953127205141517608e-01
-9.084120057557111272e-01
7.394450439736847125e-01
-1.250589542779326324e+00
1.633463978029189745e+00
-1.278594613187885365e+00
-6.069684089864527676e-01
-6.970759000967665653e-01
-7.914373146039679341e-01
3.092830201832029502e+00
-2.864235432098213074e+00
6.806232151303912570e-01
-7.291677876534727876e-01
1.530549599438457475e+00
-8.190044653196428825e-01
-2.868121687128486030e+00
2.099531957230992507e+00
-6.323935876457393856e-01
-1.521968286341562449e+00
1.065318390866919041e+00
3.224421249658312449e-01
-4.523789376309030746e-02
1.077434984033855292e+00
-1.800271064876265426e+00
1.447894716041986829e+00
-6.136125283166625755e-01
-1.925043749756797651e-01
4.894627752462621939e-01
-1.896676464723404010e+00
1.320295161740990153e+00
-5.672583335963927720e-01
2.273826001986230416e+00
-5.703742287864657090e-01
9.116639480105270810e-01
-2.408064045552480437e+00
1.841482334777057472e+00
-2.991715337504142980e+00
1.477607483184867343e+00
-3.512331459994296745e-01
8.324447666620514719e-01
4.110474196438497207e-01
-1.848887093399955717e+00
1.304932164742499845e+00
1.710722051285167522e+00
1.081174860018555783e+00
-1.853490332248889372e+00
1.552762747002343513e+00
1.403872276946870112e+00
-1.193378884729369149e+00
-1.938231255029609912e-01
5.072665422826958537e-01
-3.654748104991260016e-01
-6.103127466250466565e-02
-1.967916617741225505e+00
4.178373733575173610e-01
5.051453060491233327e-01
-1.060553827016038175e+00
9.218302672349196758e-01
-1.766293495400145797e-01
-1.119756717721214656e+00
1.476040143622527667e+00
-2.244797299207533514e-01
-2.022115931078118933e-01
-1.130680834992852546e+00
-7.896644594146430274e-01
9.437950779363974974e-01
1.957559469105921490e+00
-1.050329658841092195e+00
1.168649481315490846e+00
-1.393793881743004226e+00
-3.783686200206057837e-01
-4.541819104761213310e-01
-1.067606163552306420e+00
6.355800041102794840e-01
-1.073172043742381288e+00
-9.215645364086111346e-01
-1.082770589815484907e+00
1.243155581231476736e+00
-1.006471408353717845e+00
2.953228750503448796e-01
4.836173705385737702e-03
-3.196461242076930054e-01
-3.801203817511424887e-01
-3.902262606006106638e-01
4.880691793200053752e-01
1.000024286066852675e+00
-1.257394657138955596e+00
9.494350919413949708e-01
-1.344972850388059804e-01
-9.056039836560527689e-01
-6.786133810582708481e-01
1.111069824967994224e+00
-3.819587049049069094e-01
-1.105809768475002119e+00
9.626432123627811643e-01
1.020407035070006463e-01
1.056087965532090112e-01
-4.159613121908897204e-01
-8.329920791513847345e-01
9.947646040534641187e-01
-5.552318531933835011e-02
1.685495312633256693e-01
-1.895141404430487897e-01
3.929556144576050736e-01
6.948564160164164560e-01
-1.797928706543236999e+00
1.739999383614386996e+00
-1.167953325906101042e-01
-6.300349389610289119e-01
1.374023723662916030e+00
-1.899487890304522308e-01
7.618978541559856543e-01
-8.390507895104837299e-01
-1.625250701003736920e+00
3.726284133168818180e-02
9.943781230325020593e-01
-2.969472992752869578e-01
-7.304596259989816209e-01
2.978048105774723231e-01
-2.417991412245971417e-01
2.720603053817107625e-02
7.752935483417415785e-01
6.953071833630233289e-01
-1.870577576628714267e+00
-4.673672797041127924e-01
2.447676113681251486e+00
-8.698743691496696462e-01
-5.710838353747818008e-01
-6.792876374236973547e-01
1.046031635668361881e+00
-5.090088223015239999e-01
1.141607345150525754e+00
-4.978421736094169603e-01
1.631821282871961654e-01
6.192714093514111173e-01
-7.586192054889568936e-01
-5.329531767048352187e-01
1.618622975716777379e+00
-9.320533894841783740e-01
1.097253418633560740e+00
3.831802705077433369e-01
-1.447672930118953372e-01
1.045224309586164635e+00
-9.444577178023265684e-01
-3.566033212292755161e-01
2.066399042586316348e+00
2.317817341664621666e-01
-9.040494584579367165e-01
-3.768618054557892338e-01
1.869781970552377576e-02
1.473696750589009286e+00
-3.575191937918060781e-01
2.151582287797037252e-01
-1.314400651793787400e+00
-2.190609396214968640e-01
8.577679331835150744e-01
1.920209703662588419e-01
-9.959564245530800886e-01
-6.519849904050388778e-01
2.061337486857032442e+00
-6.904035977600722074e-01
-8.463952428033036934e-01
-5.394622771836352637e-01
-4.609710601984543521e-01
1.012968399604026182e+00
6.212859385233926619e-03
-5.907649380435268105e-01
-2.609978198744523081e-01
1.636048219687853633e+00
-1.637581602764178967e+00
2.214536350017734190e+00
-1.944546315571101802e+00
9.146077481185399538e-01
4.505139844392678367e-02
2.937189970389348925e-01
-8.506260855344016658e-01
1.428510567901585038e+00
-2.407909566055356887e+00
-6.784256024529181639e-01
1.048604793434988691e+00
-4.851562711459577737e-01
9.091292366081782372e-01
-9.948074515511965421e-01
-4.158218842881963306e-01
-5.263864702863640943e-02
4.667425402167949544e-01
-7.506092552330337342e-02
-1.209302725575767790e+00
-1.988191888930820606e-01
1.213664417303836895e-01
-6.603252450059741152e-01
-2.155459604012134545e+00
1.125544670714310858e+00
-1.647623229524501978e-02
5.940931344352851085e-01
7.856578688361250951e-01
-1.876771800499943854e+00
7.134151418765750652e-01
-5.399058519411588097e-01
-5.847246511938705149e-01
-1.165418483520757498e+00
1.281439198134509017e+00
-7.244563226995326399e-01
-2.621356834548963510e-01
1.265577606351641293e+00
-7.803724317930309240e-02
3.375463009432251305e-01
-6.046339031442379275e-01
-9.786413393431073748e-01
1.352163878054535973e+00
1.231314066518895078e+00
-2.661013291333533815e-01
-5.336812907135145556e-01
6.931529334613184545e-01
-4.620872059637288198e-01
1.120268525713680630e+00
-9.159444012909510047e-01
9.878271140210944656e-01
6.966325230126880763e-01
2.508848269799817191e-02
-5.782566142700098499e-01
-5.170965401531735228e-01
4.792904964598951878e-01
-1.343178442729789646e-01
3.059112696424190481e-01
-1.150390268036532770e+00
3.838716912819117866e-01
-1.662513865045778916e+00
1.911061950405963161e+00
-7.769091063841363498e-01
5.614032951588490139e-01
-1.090582441176259909e+00
3.619796790029205513e-01
9.711969045261267808e-02
2.314936970982418296e-01
-2.712245767634790528e-01
-2.092517749509548997e-01
1.044353253377520607e+00
-8.727653834162243385e-01
-1.140962149229345579e+00
1.330330701901854207e+00
-1.573373663325260852e+00
1.645197171938107272e-01
1.095465736491374242e+00
-5.857855203858639559e-01
-3.233911880865907029e-02
2.941856812851599834e-01
-5.861487814424510834e-01
7.215346408521960964e-01
-8.353859803287028152e-01
-2.549199706945574073e-01
1.920775320386239049e-01
-7.891279802436076962e-02
-3.839564756896681197e-01
-5.946964492269269931e-01
2.084363010239919656e-01
4.718242684641554829e-01
5.770744278465193000e-01
-7.753381108241701458e-01
1.687071159859483860e+00
-1.346962579893286716e+00
5.901118851734109549e-01
-1.022880729419581858e+00
7.542999369936091991e-01
-9.727218461077699052e-01
-1.833762702255470889e-01
-1.129715391480605319e-01
-4.418840223431454856e-02
-9.742086028736824943e-01
-5.085839328069294840e-01
8.847498316852316913e-01
-7.729187608061929282e-01
-7.546118428432766478e-01
1.538569122252944954e+00
4.240412548484311372e-01
-1.265093098850708087e+00
8.641853579388147910e-01
2.735473277842560558e-01
4.305216127444436158e-01
-3.164470364092171195e-01
-1.017699582531783192e-01
-8.345984464311780038e-02
6.294802798732985760e-01
-1.430395089203889414e-01
-6.327436823446067615e-01
-7.734385678312464263e-01
3.837842638836854725e-01
1.361773698129357391e-01
6.446429031552423083e-01
9.034444362528318839e-01
-1.981923920289999086e-01
-2.421897474761508740e+00
8.404856785341605629e-01
-7.815808051266530665e-01
1.104694983853897972e+00
-8.693246325578906086e-01
5.650975453530758807e-01
1.253218294721152759e+00
-4.467086339238218740e-01
1.167113059959426352e-01
1.268905244587438919e+00
2.258285905426133111e-01
-2.116667200496377355e+00
3.456656279487385075e-01
3.667520210156956506e-01
-1.282920569563377189e+00
1.271837113093409855e+00
-2.630653893795297793e-01
7.016068826844037432e-01
-8.850430843685354043e-01
9.063080703777128821e-01
-5.775746154559968648e-01
1.039492600171175951e+00
-1.565665167565453597e+00
1.516265101616112165e+00
-2.259231358935283873e-01
1.260368840225743359e+00
-8.787262482742195235e-01
3.454245036577110461e-01
-1.017289729877193016e+00
8.944823390252449880e-01
-2.209564427980794221e+00
1.125359090681499641e+00
1.216211674667345921e+00
-1.642066962225867677e-01
2.739914067515391016e-01
-5.564417829991021858e-01
6.369223130631732621e-01
3.532513929255186591e-01
-3.859455273001589082e-01
5.165800128955351234e-01
2.705246308734565730e-01
-1.162324743339519850e+00
-3.147836139137563660e-01
4.185058462363761000e-01
1.061483800132043687e+00
-2.545384729535728141e+00
1.131382455646787744e+00
-1.629658470606372589e+00
1.494033245309887903e+00
1.200735541392434769e-01
-7.183052119317526740e-01
1.157217156212417164e+00
1.573730785755275974e-01
-1.245937642554383606e-01
2.426931835678063365e-01
-3.784063733537696983e-01
-9.805192450723442255e-01
-7.146092002119818209e-01
7.622328784660137302e-01
-1.014766532504565166e+00
1.298588220382475011e+00
-1.828914348304989890e+00
2.565046594986360340e+00
-1.814912109617061287e+00
-4.319572113258023371e-01
-3.359933257955215469e-01
9.346148804579399449e-01
4.380561704285216296e-01
-1.668297073808587550e-01
-1.540562874788387005e-03
3.501560045603393373e-02
-4.278275032517837029e-01
-5.388415249319011835e-02
8.345249733216573151e-01
-1.213244547488053549e+00
1.001105485462624733e-01
-1.592728147542974870e+00
1.324118465107713360e+00
-9.068093534303993675e-01
2.291177190641235373e-01
8.918525991300011446e-01
-5.112324632285801806e-01
1.027360841203807551e+00
-9.281416290162951555e-01
-8.049662992247121895e-01
6.833138108028846691e-01
-1.218738082699793113e+00
5.183802696168081647e-01
1.907034872518848179e+00
-7.424924035073303674e-01
-3.275861983323796744e-01
4.504979333108668493e-01
-1.365078289874944062e+00
1.844989087670349637e+00
-1.045991355075234441e+00
1.210535504414178787e+00
-1.236149569514408270e-01
1.007493683714231647e+00
-2.715069175236556331e-01
-7.209713502635496374e-01
3.749239595246640633e-01
6.242228800081692786e-01
-1.008477624541674889e-01
1.899014522069432387e-01
-6.655929539583442800e-01
-9.535030097770331725e-01
1.377913094860695908e+00
-1.021084555702632901e+00
1.142946370504864362e+00
-1.016701503532982720e+00
3.884275576601917135e-01
-8.035496754965173460e-01
-1.828368804827295580e-01
2.507956824774281168e-01
-5.080064634495979892e-01
6.063696582616120434e-01
1.502276301937375269e+00
-1.517473581049929132e+00
9.355940767930913671e-01
-8.677129120366729176e-02
-1.268562590648714572e+00
9.962455363319275836e-01
4.979917355829918124e-01
-1.893365964681184010e-01
5.658610255311309345e-01
-1.214766323521023983e+00
3.558755072579531387e-01
-3.018989427152808380e-01
4.663569375867715472e-01
4.404708383915247327e-01
-2.092749313906797914e-01
2.347964021016330227e-01
3.865509585312824903e-02
7.389789597868794413e-01
-1.054458258902272849e+00
3.626459932053786028e-01
-1.025632105573351271e+00
1.845104754156232207e+00
-1.157959608861852230e+00
5.101370216805839464e-01
-7.348905153768481302e-01
-3.945062394734391020e-01
-3.297076152494405332e-01
1.141398482870582765e+00
-7.136028897693691420e-01
-8.560442099241678537e-01
-1.159174040811812523e+00
9.516551261951438079e-01
-1.782339743651911501e+00
9.282145987069562176e-01
2.333958032406613543e-03
4.891479735077560176e-01
1.519144031026227859e+00
-1.991751934280707514e+00
8.169362436707660047e-01
-6.638802448327374428e-01
-9.029109180704508741e-01
1.497231729888042429e+00
-7.746790806593348844e-01
-4.799448339181034973e-01
3.584975787940551939e-01
-5.022797399752862990e-01
4.970459385673731134e-01
1.798250345136232029e-03
5.364819505622648865e-01
-5.270039086761034719e-01
1.649101908344695333e-01
-6.201100715464761270e-01
2.233536400645075217e-03
-6.882738492263751340e-02
8.103119073337520240e-01
-4.844911783621340118e-01
-2.779750387226817554e-01
2.833696229518111176e-01
-3.236859007002407251e-01
-7.542014827688198197e-01
1.154192681344551330e+00
-5.397527280749301326e-01
1.439856056363658654e+00
-1.543898519225783472e+00
1.020330239517436566e-01
5.936697340710608284e-01
-2.311246901735680037e+00
4.506583685678030027e-01
-1.422831450618723181e+00
1.028403692546191017e+00
-1.798166406746008805e+00
8.645577419008100284e-01
-9.612031977874088695e-02
-6.345919409239574316e-01
-1.311445274727365273e-01
1.222800575739964035e+00
-1.164823816500125009e+00
-5.963142207044741516e-01
-3.077663156141091649e-01
-2.758074183701040849e-01
-4.411028008348858581e-02
1.488557743848938075e-01
-4.889294792350981633e-01
-1.760842328448803396e-01
1.203060766434205647e-01
-4.167584505263899897e-01
-6.145594421761806370e-01
1.119197532826472274e+00
-1.364736983501103840e+00
-5.432151159300300375e-02
8.930729957088695548e-01
-8.160943161661730894e-02
-1.254604007853894920e+00
2.043807229689635074e-01
-2.977939858531356343e+00
9.015076940151061091e-01
-4.931730768895512679e-02
-5.638336945295909786e-01
5.816668383927509067e-01
4.292617944241747807e-01
1.333800360011073050e+00
-1.017592015441811437e+00
3.153729164201691804e-01
5.492662117217682605e-01
-4.104870716524658958e-01
1.069214424803765606e+00
6.996899551131432471e-01
-2.809809572160024693e+00
1.934927687110286287e+00
-1.690142072517502481e+00
6.435660054452077006e-01
-7.973085476866808019e-01
-6.632694208130598401e-01
-3.083377569042119459e-01
1.812206680438472883e-01
-5.317572673700846630e-01
-8.102948836088075257e-01
1.437888540050497710e+00
-1.587496574968241259e+00
5.002343169696750191e-01
-1.025661794434164387e+00
9.042347315789737161e-01
-2.031443906521104736e+00
4.526683029995291069e-02
4.460188604738423157e-01
-2.214503345587560956e-01
7.709882658528195432e-01
-4.625266296649644948e-01
4.541722452739669902e-01
5.414141913783950821e-01
-3.834438589060308322e-01
1.277575895504630132e-01
-9.117170863494059585e-01
2.218891727532023239e+00
-3.101640142130785427e-01
-2.060669252296450704e+00
1.534510529457494110e+00
-1.811562384057603392e+00
5.904948251183294028e-01
6.305736369726082646e-01
-2.140564268702245698e+00
1.034325749294470409e+00
-1.058803810531091738e+00
7.339653905940626277e-01
4.406329432753590680e-01
-1.108639716725254853e+00
3.904243309728097633e-01
9.687124850447783597e-01
-5.422566879205754642e-01
-1.583769336588691234e-01
6.083915130307158275e-02
-1.185642964649111342e+00
1.730492476853290329e+00
1.658792559497380137e-01
-9.645952657153814003e-02
7.880151963365978895e-01
-7.706394866532235710e-01
8.891720301712835450e-01
-1.122080884291196012e+00
7.532659256870065656e-01
-1.310703850843716323e+00
-9.987905451543721558e-01
1.213642845162457906e+00
3.108199177411147818e-01
1.879395775157042037e+00
-2.288305881945539078e+00
-4.302713104573007707e-01
9.585291842660579320e-01
-7.172186342303739082e-01
1.265860543716453845e+00
1.693998146667123339e-01
-9.197895033025161871e-01
1.693462877082513973e+00
-8.737634352332934728e-01
9.374355466215300581e-01
-7.937469725268193610e-01
9.398534709388755015e-01
-3.109102734853262939e-01
-1.620751317317285167e+00
-3.654954880319918886e-01
3.338916010725797578e-01
6.438969733479928959e-01
-2.258453498906618506e+00
-1.739661813575011651e-01
-4.185252783576500768e-01
-7.763675668311164069e-01
3.296825083516244925e-01
-5.343745350893203128e-01
-8.025837780946909472e-01
1.994933194258075859e-01
-1.139723747049990743e-01
-1.167439087074263915e+00
-6.165692551605702620e-01
1.217934648200362346e+00
-1.735963858006879246e+00
-7.274072260624802055e-01
-5.159425050910576571e-01
-5.079314862696533428e-01
6.554643174878933554e-01
-1.165952357424852037e+00
-1.102251264296126632e+00
1.442557554421632915e-01
-3.795940925910030184e-01
-3.786429235438785179e-01
-7.019842283758217505e-01
-7.869206376941952907e-01
6.443035128285090618e-01
7.411788644191324993e-01
-7.294055335082776370e-01
1.591157944152229664e+00
3.690162348870240083e-01
-5.658168110114509819e-01
-2.867829318653026816e-01
1.766351422252266379e-01
6.723318171465208831e-04
1.262066512018432451e+00
-1.425164789131190046e+00
2.468055005391106338e+00
-1.067312967703773152e+00
6.370973787452927084e-01
-7.069329812868223595e-01
-1.741839989165422153e+00
-1.287614508813403225e+00
2.701650971225681985e-01
-9.585345472946311673e-01
3.298433946730379707e-01
2.437543142948065678e-01
-2.886508859724763454e-01
-1.186851017751318071e-01
7.618860515383198972e-01
-2.578954774655986881e+00
1.125174436565974601e+00
-3.998695062254807309e-01
-2.307101777829968781e-01
-2.495278697862027550e-01
-1.926698056551714444e-01
1.956354507284072675e-01
-2.836832936873155964e-01
7.554302502340747294e-01
-8.361716702348122032e-01
8.028291954706526790e-01
-1.397172940492259041e+00
4.685123649872259821e-01
2.752484165789827464e-01
-6.372145262652944009e-01
-7.006384851040151629e-01
1.105707011351312108e+00
9.055655311753423309e-01
-2.006554152403505764e-01
2.772551826650270779e-01
-1.049919564719115517e+00
-1.391861272681642392e+00
1.130425710572827480e+00
9.265983742842065496e-01
7.561742159477908842e-01
-1.180776594987863914e+00
2.942202244128854227e-01
-3.286280821935572694e-01
6.200297199271338489e-01
5.137864906911071561e-01
-1.903746717070120553e+00
1.148642407398033222e-01
1.458859198884452368e-01
-8.181031299837467907e-01
3.620403667750220489e-01
-1.133479615387493311e+00
-9.275559598327705324e-02
-5.393812435571876396e-01
5.604525151014815298e-01
-1.877628048974810393e-01
-1.434405730354037400e+00
1.422425463345242003e+00
-1.131732477000882531e+00
1.274632980118054704e+00
-7.008983047698125191e-01
-2.198818383478350902e-01
2.164170976150804893e-01
-1.025257910576466092e+00
1.152416604078391471e-01
-1.454225757061313073e+00
1.282059541595324870e+00
9.493742054511337125e-01
-3.309775110637175333e-01
-4.188775099249850697e-01
-9.204652824977328507e-01
-8.579221895832965794e-01
-1.505821190908053442e+00
6.977532632509945154e-01
5.485795863546309992e-01
2.718966923023631854e-01
9.247869250927266416e-01
-2.531374441683349907e+00
2.454758345151595300e+00
-8.978459614222895624e-01
-3.421427451336293002e-01
1.270372394855300069e+00
-1.879808672908974021e+00
1.272359686853235861e+00
-8.703089887324552132e-01
-3.105643544861087513e-01
-1.165206530383302352e+00
3.398232881723016741e-01
8.206461048220061727e-01
-9.739311086804998130e-01
5.034200587015935820e-03
-7.510100448860812516e-01
1.413840023031101567e-01
1.040901896823163142e-01
-2.392301335377909233e+00
7.107119954847618271e-01
-6.634564594485028444e-01
2.374041449132886505e+00
-1.412230285559827436e+00
-4.313850426172223529e-02
-7.246474921790775348e-01
1.301314347616385092e+00
-5.614904194721892505e-01
5.501150833390977546e-01
5.880319333793249115e-01
-7.045683361971590841e-01
-9.412212933451156172e-01
-4.995252338410706150e-01
-3.454698795155799473e-01
2.234754839570066931e+00
-2.845899256476391415e+00
1.040052094230238949e-01
-2.908164220121349855e-02
-1.870252652240825597e+00
1.297065445688763696e-01
-2.917737922116939719e-01
-2.192061714918870918e-01
-9.089398299907470724e-01
5.728421707940256624e-01
-8.088383794856023323e-01
-1.550423776208357252e+00
-1.710606412021194345e+00
1.141062288761417465e+00
1.462945138243718080e-01
-4.877222574624872076e-01
7.885960268312483534e-02
1.275619722312751003e+00
-8.174545452872333806e-01
-3.130173884235262771e-01
-2.108728052376054762e+00
1.418302534900802714e+00
-1.374894902205293423e+00
9.198828947464209316e-01
-2.536968895768115795e-01
4.162898475330892301e-01
-2.152606369214078441e+00
3.309621936280643384e-01
-2.267821711776477345e-01
5.307463670302713377e-01
3.885854693363046120e-01
6.453112328630368488e-02
-1.968745984332323617e+00
1.398070825500965508e+00
6.855750119297984169e-01
2.987298587388698690e-01
6.765596717904323043e-01
-1.052870490999560982e+00
4.923673381725954812e-01
-4.141198185338381133e-01
1.712589715820565628e+00
-1.299475050563736689e+00
-1.154318449938563251e+00
5.421523949546018795e-01
1.523284496791257103e+00
-1.282646264276597226e+00
6.526453031054654241e-01
-6.741232028145036081e-02
-6.195449081306133587e-01
6.245261301203978155e-01
-1.804539549574535329e+00
8.762579661784657414e-01
-5.981364866371245703e-02
6.351669662193949462e-01
5.421982156896953953e-02
-4.495897745801532563e-01
1.602708747747596529e+00
4.109432053685095343e-01
1.098434726580015619e+00
9.582833000741217133e-02
-1.389088564612139254e-01
-3.242120766639366991e-02
-9.916850435838480138e-01
7.978458139895053813e-01
5.996291986833973686e-01
-2.051776106866369798e+00
1.094115341631540561e+00
-1.931619472722798658e+00
5.555969144409009797e-01
3.306979285103297528e-01
9.916717052660303233e-01
-8.306401112262811193e-01
-1.420104448224377203e+00
-6.960939000668242560e-02
1.955670780581691304e+00
-1.513147707980383894e+00
-6.623348899713015214e-01
-7.929659061629792394e-01
1.667345357858708854e-01
9.585121879784932464e-01
-1.648115709369462278e+00
3.221062994423802839e-01
1.463630783394584967e-01
-1.367838792634052947e-01
-2.168295097523368575e+00
9.119751989166253736e-01
-5.677678365397611504e-01
1.464483521026806567e+00
-1.071244171622302899e+00
-1.736403388080045573e-01
-1.349790481388221774e+00
-2.081526975333409732e-02
-7.912314315787617458e-01
-7.325080900624161284e-01
1.142620353692383794e+00
-9.028677730681110569e-01
1.727588533605255439e+00
-7.421631440056155604e-01
-2.292664975504802582e-01
4.183091874605228133e-01
7.826425976759363579e-01
-8.252789870685190987e-01
-9.438553045202180414e-02
8.405766472823353874e-01
6.865873744613317786e-01
2.700481860684217361e-01
-1.170382262147325658e+00
8.713634534879343141e-01
-1.038724978414031552e+00
4.353759951946067908e-02
-6.692281214370335851e-01
8.096775350063115662e-01
-1.000944333153196641e+00
2.642031848889052625e-01
-1.501884748455502905e+00
1.760664032381990207e+00
-6.267296290053858687e-01
7.990942836260870319e-01
2.018173883147572345e-01
-1.863068241196396801e+00
2.274779947644591349e+00
-1.973186434851283977e-01
9.235840253157178159e-01
-3.058991020298924002e-01
3.513664056810018033e-01
2.989915048644246065e-01
1.571662423112167417e+00
-2.739287017891062215e-01
-8.636040377825688896e-01
-8.533194012162539921e-02
2.011141780354453346e+00
-1.701766380708528148e+00
1.383324430340799216e+00
-2.431377031835030511e+00
7.286373012631465196e-01
-2.370784523541660693e+00
1.739480604028913691e+00
-2.957472210448850891e+00
2.726163881100617914e+00
-2.108922217554917822e+00
1.354765788611789423e+00
-1.000864724287264140e+00
7.758918930560479987e-01
1.085542934959672634e-01
3.351087691609076491e-01
-5.305078638012299397e-01
1.864218262646393232e+00
-1.219809794022022720e+00
7.751427272920743405e-01
4.329822969126105869e-01
-2.196998869970811175e+00
1.679194071822758927e+00
-4.575437204996326557e-01
-6.424815594864157209e-01
3.897544565754904045e-01
1.514489880995530113e-01
-4.810733709787939349e-01
1.240614034588498199e-01
-8.372603993351617202e-01
8.801102928495921351e-02
3.362418767756304439e-01
-1.986516443663601139e+00
7.328199855898151482e-02
8.394436741051134465e-01
4.238641221331868048e-01
1.183624608853505844e+00
3.685367045858345958e-01
-7.868573740590375509e-01
-7.764297118622615068e-01
8.139111623131946027e-01
-1.528115367960009241e+00
1.621862838393225648e+00
-6.426050946711704404e-01
5.295250940823204022e-01
8.615873048286152303e-01
-2.587546317888027581e+00
7.952397244914962693e-01
3.266187681045137348e-01
-3.174282910333481311e-01
-8.993124108174690989e-02
5.362550273843963433e-01
-2.913542566491070795e-01
6.133816040888419030e-01
-2.095514479186366685e-01
