-3.241467936768804847e-01
-1.300572699335875160e-01
-5.861457521224196221e-02
6.510842646390472277e-01
-7.713478567414251419e-01
2.174282125881326633e-01
-1.113537412964765050e+00
9.277414904199300372e-01
-6.580730516433842547e-01
4.537688690475906728e-01
-1.081044022378142289e-01
-1.654966882701475850e+00
-6.944511982114540682e-01
-6.489746744367657083e-01
5.241128272446925473e-01
-7.632602245748413283e-01
5.321596573473359459e-01
3.406666215303112422e-01
-1.219469069912166193e+00
-4.625204648312344208e-02
-5.633428479717036419e-01
3.242894378305111180e-01
-2.838644068098403750e-01
7.258154825437976299e-02
-3.254682464361877692e-01
6.166541994196690357e-01
-7.441204936507880285e-01
4.336730002090861680e-01
-8.771934592423111798e-01
1.720966225327991594e+00
1.750085285321919260e-01
5.580671498384471851e-01
-2.304904186506300801e-01
6.738303231356168599e-01
-2.600783955636398193e-01
2.313157493554719168e-01
-5.083632705450176203e-01
-1.060005571638323429e+00
4.071437132719121221e-01
-1.818438145026832986e+00
1.518250585236062822e+00
-1.846610054668744949e+00
7.373032724138584015e-01
1.239087150376702723e-01
1.166524586637240679e+00
-1.173038588809112381e+00
-2.896180499880903203e-01
9.247051328936064518e-01
-3.950789432347738550e-02
1.171448523737823183e-01
-1.310028160107395756e+00
-2.390595201704961426e-01
1.264386295362101009e+00
-2.701403933965936810e-01
-5.471094428586673608e-01
1.398440290825682109e+00
-5.362941092268606047e-01
-2.704100108292928906e-01
7.521246628592573868e-01
-2.361961082341126894e-01
5.747123406358352060e-01
-1.794475189912698054e+00
-1.181626216612708280e+00
1.124049563790919137e+00
-3.285793780970313049e-01
-5.849540846993168675e-01
-6.294674785101767034e-01
1.229330653991977940e+00
-6.065444199937439773e-01
2.872127046349871593e-01
3.903497424627443979e-01
1.761467935891172093e-02
-5.540388742361058716e-01
1.236084434149416378e+00
-1.294735325597570874e+00
-6.978644199872745535e-01
-2.065304532111480462e+00
2.308194479341683980e+00
-3.172839664960998007e-01
2.389849476108924509e-01
-7.619896712714229192e-01
-2.216596771855609549e-01
2.667675107733645246e-01
-6.709369625534611359e-02
-7.035550609380980536e-01
1.822663929381596881e-01
2.368427315984313886e-01
-5.312383230021057168e-01
1.363239347043052163e+00
-1.293578506097744718e+00
7.591273286965707912e-02
-6.974537655268815417e-01
-4.980472555327577489e-01
1.618447380247143075e+00
-5.428127120163355190e-01
-3.643477070503721160e-01
1.393771004737321739e+00
-4.201576108718590996e-01
-6.762608807105363606e-01
-1.308421300036976542e-01
-1.270068360059796453e-01
7.824730120039794512e-01
-1.363450559977795962e+00
1.227482003465992788e+00
-3.032119541579799682e-01
-7.087144064592881820e-01
1.590291066488364269e+00
-2.495395600273636050e-01
1.018378101431948402e+00
-1.363966247235212981e+00
7.117946117602755862e-01
-6.365274820907095288e-01
9.122498208008925635e-01
-8.709390904962376334e-01
1.348293274368649763e+00
-4.588632058997227370e-01
9.951680606845048072e-01
-1.992111823972457785e-01
-5.553154331405529831e-01
1.326525718726019543e+00
-1.447656509671912506e+00
7.166750768635508084e-01
-4.877240086240779426e-01
9.026392672144034623e-01
-7.360338554131395927e-01
-1.636469225678655492e+00
8.178974406561421162e-01
-2.487009269879227880e-01
-4.041220133545926352e-01
1.106036512651213527e-01
6.710107394974450523e-01
4.105148038869049221e-01
1.101644256177841008e+00
-1.741532041435639444e+00
1.619867338532847700e+00
-1.059105287095235326e+00
1.002751425759600412e+00
-9.900178863019359898e-01
-8.534013976234400278e-01
-1.296050750166009458e+00
-4.681440336159375937e-01
1.183077442992738648e+00
-1.130131908895577464e+00
6.225757582732287521e-01
-1.307038025445725449e+00
1.944459695475458272e+00
-8.154405613800456143e-01
-2.093837295742980997e-01
-6.878356606501346837e-01
7.553389090700025621e-01
2.930766222020996237e-01
-4.690383175892310907e-01
5.018056585635957134e-01
7.971021522320620445e-01
-8.416846160140650790e-01
8.228104815232445413e-01
-7.957978501713873776e-01
1.465846990296247210e+00
-1.350693262375657122e+00
2.204752762883330913e-02
9.046027131440119440e-02
-1.118603909708496769e+00
-4.591965111325885252e-01
-8.142474732746365351e-01
-3.951067103060991181e-01
-5.356819859998562458e-03
-5.768366560809417010e-01
5.546765893823895066e-01
3.602942958153515507e-02
-9.278978348604723925e-01
1.385035232773817793e+00
-1.070357888193862461e+00
1.564106355362951062e+00
-5.473983355746299129e-01
8.479295992468717236e-01
-1.728880731536434512e+00
1.770675835745826321e+00
-1.483368959046995617e+00
1.364942850190458579e+00
-1.495546294579219504e+00
1.604837777982448754e+00
-5.062042706604161779e-01
-1.979040205125824015e+00
2.487394559812336148e+00
-9.418450510317646351e-01
-4.249103698689786768e-01
8.611427337805074855e-02
2.874089940897036621e-01
5.720157940582680789e-01
-1.779426848930433236e+00
5.097847080274418019e-01
1.457413876628627647e-01
-4.816157254350271200e-01
1.789875753615047360e+00
-7.343397652482577254e-01
3.170130316808103532e-01
3.977102444719571306e-01
9.884324050890640201e-02
7.824309932153309388e-01
-9.444024968183020174e-01
-1.991747549187380950e-01
1.364775073369422387e+00
-1.134610965869467636e+00
2.382047050515135322e-01
3.172485357034293685e-02
3.033340171515740979e-01
5.097469370388413301e-01
-7.376300097430338321e-01
-8.125872283288341213e-01
5.918773379778935473e-01
6.829181557081601128e-02
6.302672715408192960e-01
-1.542684016738135711e+00
9.338493268540011272e-01
4.704387233517249856e-01
-1.465742303302381089e+00
9.545047681282856633e-01
-1.392939316173519515e+00
6.739018167534889248e-01
-1.083041769057964343e+00
-3.677385849978483390e-01
3.451497339649011176e-01
5.690541800707016318e-01
-1.688171672076713703e+00
7.073812560718353293e-01
-2.033938014358697366e+00
8.049833793542540139e-01
3.687516919474722599e-01
-1.665086375995779466e+00
6.957359269908499622e-01
-1.335135293032519321e+00
1.836312976040179068e+00
-9.055704429733030247e-01
-5.224342486238977568e-01
5.173033785908338622e-01
1.303631903852571217e+00
7.053600386463357297e-02
1.081240071259647495e+00
1.261610112708627385e-01
-3.937164698430749010e-01
1.172057731167002403e+00
-8.353595846254087132e-01
9.032192612264147713e-02
-1.143658336247271867e+00
1.529604047830632751e+00
-1.514291374480322805e+00
9.433280866588251712e-01
6.767711188795895172e-01
3.800155959806235106e-01
-5.857153870189668599e-01
-1.012576975155662584e+00
5.974569937463285463e-01
-5.279505981110836910e-01
-7.461735460655521956e-01
-6.445630950940026693e-01
1.361654591691604299e+00
1.567148664655197143e-01
1.448973903470992974e+00
-7.542445206046795025e-01
-9.486692408153214462e-01
6.786083665172601420e-02
-6.188665748545649908e-02
8.647033310679109741e-01
-9.174697247919993970e-01
-8.400538766762802312e-02
3.833052112530118682e-01
-7.643286070091926954e-01
-4.397508570530100913e-01
1.141037355363941685e+00
4.565291841577745480e-01
-2.642692546610336812e-01
6.760603058877175942e-01
-5.553780864671663542e-01
-6.118296542408967198e-02
-2.616636795010567410e-02
1.889838657152905499e-01
-7.862150123940335744e-01
2.962244899923875407e-01
-1.378384327923890817e-01
-1.775336222893926008e+00
1.683814461392049711e-01
-4.954524363100699658e-01
3.603761193852134670e-01
-4.217483184150906395e-01
-4.633126936013324260e-01
-4.919346801080309861e-01
1.378315146550485482e+00
-6.725674700511452553e-01
-1.083470553771990863e+00
1.759956221071107274e-01
-7.978643954127319082e-01
8.387945795035337548e-01
7.087023732570696399e-01
-8.329032299780276816e-01
-4.284403197628460225e-01
5.167156540356819816e-01
4.663590504734705933e-01
-1.237356913851542117e+00
2.814934425180589117e-01
4.640589969557604166e-01
-1.373516714260695881e+00
3.272767777092481789e-01
2.272633276287923040e-02
5.629963766393801528e-02
3.433706341518273919e-01
-3.606758627839571352e-01
-5.084603308431829838e-01
-6.162803209234976043e-01
-2.057373008904536671e-01
2.653571133684367589e-01
-3.725935611871951103e-01
1.094410132470758468e+00
-6.947688583948063989e-01
-3.267672119211736947e-01
1.976017755302119649e-01
-1.175075314277544303e+00
2.567670309222251923e-01
8.042628543249963347e-01
-1.740317226577692722e+00
1.442831700084678426e+00
1.393611741464296561e+00
-1.348536164105777146e+00
1.401658862098052793e+00
-6.656210450337967099e-01
-4.376218533897286989e-01
7.330924443300419480e-01
-1.748014491055654984e-01
-6.961574987570395834e-02
-3.904234394150952747e-01
1.633163368596665332e+00
-1.332695272951906595e+00
-4.063832403560686535e-01
1.236784735793180490e+00
-7.832041925812613936e-01
4.899836088524566757e-01
-2.420216905862490331e-01
3.927909925230036459e-01
-6.445697037090083459e-01
9.470279309842727367e-01
-2.120980547807796712e-01
7.234212386034803988e-01
-1.386102495941922363e+00
4.056888550303884844e-01
-9.539952496150482242e-01
5.675700062836341875e-01
-1.277615105848750154e+00
6.399909642848037317e-01
-4.970065583467268844e-02
-1.089915377493541754e-01
-4.412303213727438722e-01
2.282413689710031779e+00
-2.163415811707276593e+00
-4.935824708707333697e-01
1.344863946672451682e+00
-1.021475103975765020e+00
-2.812318439046997409e-01
8.386786111498277796e-01
-1.217372780106017682e+00
6.421961425118291600e-02
5.471771165717455032e-01
-7.503591793385954167e-01
-5.227166882593760056e-01
2.927154320120244346e-01
1.558289634291942782e-01
4.789715341235180057e-01
-5.788851677422439668e-01
4.810898345484428407e-01
-6.506678848028734086e-01
-8.835505015825015906e-01
6.987945713816647864e-01
-7.802712985156319281e-01
-2.352452204130623878e-02
-1.221971631886253018e+00
1.339096376432732383e+00
-2.052357795867333634e-01
4.526650074566705012e-02
5.034838761816735619e-01
1.240269199848395287e-01
-8.894174495160083183e-01
-4.143345430650881983e-02
5.373397454370685278e-01
5.432843979827787217e-01
-1.838435324117808634e+00
2.300842488278143971e+00
1.006881594650637923e-01
-6.602738330859541094e-01
9.046730413304928664e-01
1.019006866282496038e+00
-1.034976208299202671e+00
1.646412836442175065e+00
-6.805846682448950524e-01
-5.525225589152925609e-01
6.796409549274777806e-01
-1.327018395557300057e-02
2.790647057951047283e-01
-7.973283355430350605e-01
2.836866512809016472e-01
-3.186872164079704861e-01
-9.033840589681320088e-01
3.859382510337118211e-01
-8.325663306404127439e-01
-2.151261007700060457e+00
1.085632480668382360e+00
-9.256555632886402929e-01
2.384590801565628360e-01
-7.464069731309730393e-02
-1.123931888256730405e+00
2.371523451526488802e-01
-1.541004911594680449e+00
1.202535301198421822e-02
6.725263755088558559e-01
-6.720918303080400391e-02
-8.190970832750646968e-01
7.205745010767210523e-01
4.397546781525541459e-01
-9.777095562547610808e-01
1.662424757390362995e+00
3.541618828424250576e-01
5.962398155607905315e-01
-1.021973218072519840e+00
7.249407490590332737e-01
-1.010822455426624078e+00
2.138572270472110515e-01
-9.701449396906685063e-01
9.081830626543107021e-01
-7.484992970626025421e-01
5.492287960709347772e-01
-9.823247180275034296e-01
3.096782135000324954e-01
-4.392555069201308227e-01
2.826074959194722069e-01
-7.654637422144972003e-01
-1.051616044547256212e+00
7.098053848257909193e-01
-8.024451540969472774e-01
-9.592402255558220014e-01
2.928898513044209673e-01
-1.109402988293376024e+00
2.762237551719409767e-01
-9.046511440506999069e-01
-2.832091946556684059e-01
8.261575097711894022e-01
-1.352948224671443045e+00
9.386167613224243311e-01
-9.259405682299186591e-01
9.511988401157260853e-01
-5.027698288236858160e-01
9.752902138120507214e-01
-6.614218871731678551e-01
3.090596993155024785e-01
-3.553726775688734740e-01
5.181299770104254021e-01
1.882462142935241278e+00
-7.411221636589944151e-01
3.245300579312029310e-01
-2.350668317926545847e-01
-5.441227780135247105e-01
-2.196273058354450691e-01
2.709032542285800815e-01
-7.273198290896942635e-03
1.331245096049688270e-01
-8.660450056313724609e-02
-1.044198102824030333e-01
7.723309026178212244e-01
2.530248912968182662e-01
-5.066922178535904556e-03
-1.238001729481470248e+00
9.131956981101427839e-01
-3.700082644117819175e-01
4.468664187370631202e-01
-4.274421255122287100e-01
-4.863164429328039051e-01
-1.374620114771041512e+00
1.047683366367977431e+00
-4.093859735219697038e-01
2.709973963397419028e-01
9.896286528773761138e-01
3.788424976516046039e-01
-9.222339943116519834e-01
9.898054868192129874e-02
1.326776170766243435e-01
1.520967965706990555e+00
5.521191325928442861e-01
-2.189851293904710450e-01
-5.774707488241943576e-01
-5.128588053517344481e-01
8.147535839726807172e-01
3.325924475003712577e-01
6.589038786366667733e-01
9.466900861675545675e-01
-1.375277137839143959e+00
5.800330618174358577e-01
-3.251259192266218179e-01
1.522844862433676560e-01
-2.807502366624592405e-02
7.512259992333378267e-02
-2.785478537732984372e-01
-4.494737040378778414e-01
2.774120490473673262e-01
-1.767584344699296706e+00
-1.767761413146110572e-01
-7.219381000469132781e-01
1.592975147410139736e-01
-6.440472552163234443e-01
1.082737548721469656e+00
-4.062811115509341597e-01
4.950501859497052903e-01
-7.630108874580435185e-02
-1.455331562102970988e+00
1.394059354592092070e+00
5.637510070919071747e-01
7.710248475050596184e-01
5.196896940908178886e-01
-1.347006276814175507e+00
-9.774224381108753690e-02
-3.143636693863213760e-01
1.451829431691193384e-01
1.133101329124422296e+00
-2.050922068916529284e+00
5.147680068236735185e-01
-5.085268699399598802e-01
-6.257693577105030713e-02
1.480862256599103088e-01
7.982134697630003384e-01
-1.294919568746434324e+00
8.582885731900291582e-02
1.437986107465151764e-01
-4.969479110306365688e-01
1.353999473543410215e+00
-7.426588709817759648e-01
2.484082775026840439e-01
2.806073580607256757e-01
1.142516231563255324e-01
-4.481172556824896125e-01
-1.524641320702402325e-02
2.787161142118380619e-01
-5.321310253227535814e-01
-3.169044913028785659e-01
-9.165605633884685854e-01
4.774767261385852168e-01
5.713957292360660398e-03
-5.983477090353979122e-01
-5.412544277977158202e-01
-1.895794366153309984e-01
-3.934899775862259197e-02
6.896203021619473628e-01
-5.936449930994337487e-01
4.734380368267420147e-01
-1.509330305255863480e-01
-1.962765081014082869e+00
9.128431016470670567e-01
-2.397650836479055525e-01
1.423728645417872696e-01
-1.626683189612102287e-01
-5.013823911460448812e-01
-1.044982307302000146e+00
1.275094986401448471e+00
-1.927152865728447018e-01
3.672406317806926057e-01
1.981325832343504290e-01
-1.078745646495249622e+00
-4.539671042137989609e-02
7.995845293330390569e-02
-2.458542725052392797e-01
-9.949880811485056764e-01
-6.808795804173906063e-01
1.396721245377810783e-01
-2.001565491131841179e-01
9.302833767552755040e-01
-1.371821297283823127e-01
5.715190982147122511e-01
-3.173697425153257368e-01
-8.948643914390219667e-01
8.937769995047194493e-01
5.381008312787720349e-02
9.518378463484569729e-02
-2.974005102231764772e-02
4.832107349448669931e-01
-3.042888641113110637e-01
6.368355593435228723e-01
-5.437772101797565261e-02
2.488157438376853992e-01
-6.585046745309494076e-01
-1.485200450290980578e+00
-1.071552779280023682e+00
8.178140979032004487e-02
-2.835757561227614798e-01
5.371944128086028059e-01
-9.920819035670558339e-01
-2.043183616849468254e-01
-1.181344866175262388e-02
-6.873126121668612365e-01
7.152666606930284665e-01
-8.398072408208226980e-01
4.904948028561335882e-02
-4.784748086564003522e-01
7.622506979201808530e-01
-1.247403859197085518e+00
2.509304632306288974e-01
-4.482659378062917588e-01
2.880768628706554257e-01
-1.404262425257424507e+00
1.036697334853156960e+00
-8.617018670968867866e-04
7.219812148138947672e-01
-6.597549439810646010e-01
7.775676135617655138e-01
2.008425540873208237e-01
3.102560292202469761e-01
-9.006005977189908140e-01
4.770095311015423722e-01
-1.287293478212482856e-01
-1.892416149285849336e-01
-1.425842857169041356e+00
-2.813686032485985811e-01
3.531771333421273029e-01
4.264470021538505629e-01
-2.674354852860538583e-03
-1.190572364093665791e-01
-1.020021702421242821e-01
4.928028302817158979e-01
-1.938725538064605958e-01
-2.264918432425488959e-02
7.512482416862014123e-01
-9.225088786671200580e-01
9.238909808564382820e-01
-6.035743816514221871e-01
-9.103761348193835368e-02
-1.390457552088852022e+00
1.119003672838701391e+00
-1.078827561097016829e+00
1.016311391949259901e+00
-3.895859426603590636e-01
7.211980721014439322e-01
5.966045592887934124e-01
-1.008961803203672014e+00
2.198461554205716872e+00
-7.211160204255507855e-01
3.983407575824101654e-01
1.171971902963938328e-01
-4.857213973538360152e-01
1.620523461771886886e+00
7.483383262566709049e-02
4.238104334134060736e-01
6.335610264252142243e-02
5.847978874543944411e-02
5.918149349732809705e-01
7.533865135607306640e-02
-1.459406337096726958e-01
3.077595956637256824e-01
-6.629247621071939767e-01
-9.617191204560668338e-02
-1.383595045375151544e+00
4.410210383530802081e-01
-4.774508110225786917e-01
-4.014237682756404135e-01
5.927312676247239454e-01
-7.752464648247848755e-01
-1.993155051577299441e-01
-3.280054218937152877e-01
1.313195095207158714e+00
-2.211298434552832592e+00
-5.446448988117441603e-01
6.567260818038616055e-01
-1.017350352104802180e+00
-8.172478542359915554e-01
3.842548509222570852e-01
3.866095901248242095e-01
-1.704120324149570820e+00
9.338899401641247433e-01
3.505545693611220592e-01
8.178926819441502127e-01
6.829493745532475568e-01
-5.619590255036346349e-01
-3.588761544190974817e-01
-2.560255891417863028e-01
1.234049363691058360e-01
-8.923505892704234332e-01
-5.435705173831312242e-01
-8.922918927899730068e-01
7.483909297536351923e-01
-5.696588399437118033e-01
1.797935046644610624e-01
3.990660385787605374e-02
6.409949229929727821e-01
-2.437471582508618506e-01
6.473486867807863865e-01
-7.879198543231961116e-01
5.585372076169270450e-03
-6.758669779539674405e-01
-9.056219926285615784e-01
5.347246851387110755e-01
-1.557813214264105239e+00
7.195983631622941967e-01
-3.337956400590411793e-02
-5.941596230356898101e-01
-4.216644028081667495e-01
1.487304714167067443e+00
-1.335672917942725579e+00
1.977243343407920351e-01
3.631589436702536977e-01
2.766966897618661214e-01
4.257204195332732199e-01
-9.069339883611865494e-01
-2.089180490829453340e+00
1.699211049361403880e+00
-1.586119501596030407e-02
-4.866196217268628499e-01
-1.300473342134988997e-02
-3.932146180904502186e-01
-8.938535311934309169e-01
3.670281645026616385e-02
-5.047422274734507663e-01
-4.537894468143804927e-01
-1.814476492012920272e-01
-1.755080787679399457e-01
-1.309263208827070035e-01
-3.119816822657771604e-01
-7.941351821708726444e-01
4.191415362554671842e-01
9.995485201200940417e-02
6.993597089722491944e-01
-7.393551314453290779e-02
-5.030507183761085965e-01
1.096614189732015632e+00
-8.993774926494033650e-01
1.161212718555915124e+00
-7.481602518860765993e-01
1.118304626483383607e-01
-1.119880978044220710e+00
9.043728849966278238e-01
7.066137021881854219e-01
-8.219912830769242618e-01
5.827293054672508799e-01
4.842080012393307209e-01
-6.393125191124262585e-01
1.479930134310284418e+00
-1.258903898815708633e+00
-3.498574185566395434e-01
1.223851292524555046e+00
-1.171865656418056734e+00
1.120861875899866744e+00
6.524706989091150211e-01
-5.506287625405899000e-01
5.590608317897056700e-01
-5.828021846010982276e-01
3.194287829317944416e-01
-6.091075561411963823e-01
8.645466377169720440e-01
-8.512967022067993716e-02
-1.326342425180131457e-01
3.489195744754883810e-01
5.530179483195372114e-01
-4.223315778037151080e-02
-8.567217409560512476e-01
3.855360570534814846e-01
-8.051607141690476643e-01
7.135120948702030619e-01
-1.288103892646082160e+00
8.117392251262005587e-01
4.531140978572598677e-01
3.401814404656226531e-01
-4.690869184963774030e-01
6.468170961981436484e-01
3.505098595057464239e-01
-1.732316497405720579e+00
6.721357696120768832e-01
-5.797823922311607925e-01
-2.399845747433919207e+00
2.065972192046481304e+00
2.293824426145364970e-01
2.577342737449299717e-02
9.690808271217477010e-01
-1.315091201258473896e+00
8.168257126752767605e-02
3.215282253601294687e-02
5.896569904925845762e-01
-3.648905782417625199e-01
-3.753600525665198306e-01
-4.502262115443499968e-01
-1.620037962659165443e-01
1.387554421968801299e-01
-6.396621162078790501e-01
5.275129177699837690e-01
-7.100801613082765584e-01
4.420973745320134762e-01
-8.326010870569472422e-01
3.348659955294880364e-01
6.915873746827841395e-02
-5.386613607104338008e-01
1.842932364097707776e+00
-1.286061997108346455e+00
-3.538955324023228544e-01
1.045166679511816132e-01
9.513020681673196588e-01
-7.911361268396757129e-01
-7.527000975397627469e-01
7.521440194341227903e-01
3.389100074472597424e-01
-3.401842400772371877e-01
3.240725384125123787e-01
-1.260483366490118273e+00
3.854744013458353269e-01
-3.041978258341485053e-01
-4.201993550191569782e-02
1.157747822457800391e+00
-4.425316673480996638e-02
1.558976961756809720e-01
-6.735147195522603880e-01
1.859877923833969549e+00
-2.143047535614150068e+00
1.831569780079639553e+00
4.209009268351820987e-01
-1.300762609677861503e+00
1.295990629223642054e+00
-7.526062727214603010e-01
5.893174947598074365e-01
9.736652425930814037e-02
-3.072637366791397540e-02
-1.198027557936025778e+00
9.455090461450137429e-01
-3.880158441002640179e-01
-1.460909811301588590e+00
3.025879727644977812e-01
-4.769620928359200596e-01
-2.995456542252107890e-01
-3.978771259804458893e-01
6.084274275865169876e-03
3.399632599810520905e-01
9.882124965701948316e-01
1.704793631609220483e-01
-1.513358094460534264e+00
-9.010370598074238790e-01
2.185574035654714586e-01
5.497085369259373522e-01
-1.823557702912779743e-01
3.915033197810356969e-01
-7.142849079768932574e-01
1.573762348776066022e-01
-1.173283026601906059e-01
3.720592129013397531e-01
-2.870799818524752967e-01
1.223699810462981485e+00
-4.975783117539999689e-01
5.964662494751439281e-01
-1.540960271716644847e-01
2.160683440476809242e-02
5.109390894653902115e-02
-4.974868804349922291e-01
-5.787590820161699900e-01
3.487064684412601312e-01
1.423800325358666116e-02
-6.180972728581443087e-01
8.839509346086344976e-01
3.588535883026899853e-02
-2.157047443384728369e-01
-8.028408079254933938e-02
-3.811468387994940699e-01
1.253735423159685336e+00
-7.603705138328166191e-01
1.637891566998874171e-01
-1.273770222080091497e+00
6.417187420948791132e-01
8.000646463092128124e-01
3.048549592285137999e-01
-3.586551914837863286e-01
-9.819662084257796408e-01
7.865721911701719637e-01
6.587023071586361848e-03
4.455564684415715959e-01
6.181268411326126255e-01
-1.009575895963319425e-01
-3.403515439726405301e-02
2.701374113166479241e-01
-7.353504413912164139e-01
3.903876355626338390e-01
-8.372046782855863123e-01
9.937295859597649050e-01
-9.690989083643035407e-02
-1.710711661615810786e-01
1.313264701965718428e+00
-1.411545893464921431e+00
7.648410790812297799e-01
-2.866950378072571914e-01
2.274100364925346618e-01
-1.050493259520938416e+00
-5.960297131178277086e-01
-4.913007619609045529e-01
-1.589182713145327330e-01
1.064938712637529372e+00
-1.834665405589665399e+00
3.990864372195853105e-01
2.795848647332999093e-02
5.535046580341075328e-01
-2.012942071469217886e+00
-1.170963622781022950e+00
5.487648640208035999e-01
-3.957156655902805964e-01
8.143750063238062165e-01
-1.125454296947102223e-01
-3.636599243573890132e-03
-1.938378401425644992e-01
2.404437856787440819e-01
-1.191788762996473794e-01
-4.111208694049601209e-01
-4.742438114724029097e-01
-1.695642950985524477e-01
-4.314588977550073284e-02
1.081601000503497056e+00
-3.882847216141221969e-01
-4.320172780800110024e-01
1.368577397916698413e+00
-2.218078816182955215e+00
1.554924622974227288e+00
-2.649705484751965073e-02
-3.178608209172996690e-01
5.097818473598364486e-01
-1.183048160076115296e-01
7.124271269007751428e-01
1.003426252659042339e-01
3.001475422098883183e-01
2.911096944126475572e-01
1.151461332547763394e+00
-2.824576071449670378e-01
-3.490377959451571033e-01
-9.478002135122747251e-01
6.219069010342804793e-01
-5.165547801257179827e-01
-3.785883226937741819e-01
2.043765237393272705e-01
-1.555908691202176897e-01
-1.097431305171792548e+00
5.716530952759344419e-01
-8.153024561412657301e-01
7.005041812194443551e-01
9.215938513390260767e-02
-4.322862911352020054e-01
-1.909933570823248439e-01
1.345660957919586065e-01
-2.482410424832769691e-01
-5.833947105716064119e-01
-1.105943586298612225e-01
-4.479717958524666588e-01
-9.918807245041250109e-01
9.735244638189920474e-01
-1.723994388401576816e-01
-5.150957059210842237e-01
1.602431843566557434e+00
-2.022084517455834174e+00
7.025207766628751571e-01
-2.402369856403122894e-01
7.563453927166344792e-01
3.428004388067746322e-01
-1.583561157391886409e+00
-1.157465044465655790e+00
1.120578855922937489e+00
-9.456705402518176262e-01
1.017112355110000532e+00
-9.768174008545710274e-01
-7.754869148852983063e-01
1.087077137360804302e-01
-7.872461152539415030e-01
5.234882691949566125e-01
1.783196911909387672e-01
5.615517973318648881e-01
-8.630287446432177711e-01
1.498741916163055521e+00
-4.589112916296094191e-01
2.270634734537043953e-01
4.514422776294505502e-01
5.276932406852535840e-01
-1.697364656129290994e+00
7.634971405700884395e-01
-2.077140160879339614e+00
2.631422207234179744e+00
-8.909038638934576593e-01
1.339375304739819916e-01
-1.110251268871725649e+00
2.492189701324862838e+00
-1.168831062707637480e+00
1.821104234114085285e+00
3.365404918199567663e-01
-6.393941767958555289e-02
1.178414192254713527e-01
-9.227142518563041795e-01
9.029218396038564132e-01
1.807320850016145286e+00
-1.071145472585864233e+00
-1.218503860528118876e+00
1.007672751981608217e+00
-1.108617720765525894e+00
3.016966251058056381e-01
-1.047239480011670665e+00
-1.075746024091806391e-01
1.741083974165246739e-01
-7.449117821680505402e-01
-7.564987021507340037e-01
2.887958132586589816e-02
-5.445405171161912250e-01
4.260073596946571395e-01
-4.254063525763093767e-01
-1.226780218171232617e+00
2.780899625866317670e-01
1.916058456815107058e-01
-1.659148418304316364e+00
1.870407800196640880e+00
-2.086860336374907643e+00
2.067180570233029258e-02
1.399575876007981279e-01
3.229434696581903186e-01
-1.591830799492627069e+00
1.036332626975407178e+00
-5.857376923954538128e-01
-1.542043504688261901e+00
7.404566521237120336e-01
-1.285505897642546413e+00
2.299349465622867739e-01
-2.184526160949712137e-01
-1.452174684815201067e+00
7.192470074003158853e-01
1.429058617673660270e-01
-2.195487475511921360e-01
-3.438468069200084076e-01
-3.397117745542456158e-01
