3.907672653966237419e+00
-1.468778563874068865e+01
1.508457773036733940e+01
5.142722002268307335e-02
-5.039732475306148984e-01
9.868081667303423288e+00
-1.489719066936949510e+01
7.284359707596617994e+00
-5.503824563941911663e+00
-4.327790461583784776e+00
8.604226229002854609e+00
-1.637402648660011195e+01
9.910047119376544700e+00
-1.090211940022240888e+01
9.390036831798440176e+00
-1.063993568589781891e+00
-1.139481365616901520e+01
5.948639083516750858e+00
-1.609501826579975869e+00
-1.138256740520326460e+01
8.274008750394262535e+00
1.291718687960262812e+01
-5.694904535570776360e+00
-6.201519458221603998e+00
-1.103980082138786045e+01
1.477983695399164787e+01
-1.702486007851432959e+01
3.331054973244096828e+00
-5.473018611230618724e+00
-1.096216550661234201e+01
6.123352974131863746e+00
-4.330350192592952396e+00
8.789968199162682794e+00
1.501325505631040613e+01
-3.701372290409585020e+01
1.799812984792026782e+01
-5.810761228874588014e+00
-1.378153341943362520e+01
1.473401453583095488e+01
-2.059371575830395784e+01
9.914661759716249634e+00
-4.536544528197186565e+00
-8.540683570928369051e-01
4.290447170355959905e+00
1.297255119892000153e-01
-6.418796374732941956e+00
-1.195737291959373749e+01
-1.348164477039098763e+01
2.742739220429154301e+01
-1.415095358145890359e+01
-1.901789197810437315e-01
-4.654484031829404955e+00
-3.850349127338200450e+00
-4.624284363460992253e+00
1.238190276608072615e+01
1.638935437931975159e+01
3.004827718333840991e+00
-2.147207011788958653e+01
1.716699887514736389e+01
9.629403962854315324e+00
1.052396331684677122e+01
-9.372109169676036800e+00
-1.078139589306840307e+01
4.252630329424338385e+00
-1.412102060000986903e+01
-1.064831600362803243e+01
8.058301385853470222e+00
-2.170311545407221487e+00
1.273635363375770346e+01
-1.239947400913294118e+01
2.781903839520538213e+00
-7.343235673906425731e+00
1.141133055879258862e+01
-5.965181505805377427e+00
-2.272152918306769909e+00
-9.270413101543709899e+00
-6.887571636606761416e+00
2.348803819971742968e+01
-1.078995549956364286e+01
1.424065705899609213e+01
-2.374844587193988943e+01
7.085479004702343708e+00
-3.938743001920538944e+00
-2.055930825596077760e+00
3.441176342865560400e+00
2.147006279235275539e+00
-9.431768493563787104e+00
-8.074951653816064834e+00
1.415217215415823659e+01
2.371342370740745498e+00
4.763315894683130658e+00
-1.758150435636105868e+01
-7.946797062396592892e+00
2.118272522106974520e+01
-7.630603241458032926e+00
7.225109562438920108e+00
1.281131754334800910e+01
-6.748974526740914470e+00
-1.047917215490388898e+01
7.825643647622639421e+00
-1.783577118835577480e+01
1.150699570937484495e+01
-8.388909141750659160e+00
7.514668582492427973e+00
-3.442283511699848475e-01
-8.777594631592791075e+00
6.230203703820469840e+00
-4.321779513129497374e+00
-4.425554892990284372e+00
-1.252726381389814847e+01
-4.953127205141517386e+00
-9.084120057557111494e+00
7.394450439736846903e+00
-1.250589542779326280e+01
1.633463978029189789e+01
-1.278594613187885365e+01
-6.069684089864527898e+00
-6.970759000967666097e+00
-7.914373146039679341e+00
3.092830201832029502e+01
-2.864235432098213252e+01
6.806232151303913014e+00
-7.291677876534727432e+00
1.530549599438457520e+01
-8.190044653196428825e+00
-2.868121687128486030e+01
2.099531957230992418e+01
-6.323935876457394301e+00
-1.521968286341562404e+01
1.065318390866918996e+01
3.224421249658312227e+00
-4.523789376309030885e-01
1.077434984033855336e+01
-1.800271064876265470e+01
1.447894716041986740e+01
-6.136125283166625977e+00
-1.925043749756797595e+00
4.894627752462621828e+00
-1.896676464723404010e+01
1.320295161740990153e+01
-5.672583335963928164e+00
2.273826001986230594e+01
-5.703742287864657534e+00
9.116639480105270366e+00
-2.408064045552480437e+01
1.841482334777057517e+01
-2.991715337504142980e+01
1.477607483184867299e+01
-3.512331459994296523e+00
8.324447666620514497e+00
4.110474196438497430e+00
-1.848887093399955717e+01
1.304932164742499801e+01
1.710722051285167566e+01
1.081174860018555783e+01
-1.853490332248889416e+01
1.552762747002343602e+01
1.403872276946870201e+01
-1.193378884729369105e+01
-1.938231255029609912e+00
5.072665422826958093e+00
-3.654748104991259794e+00
-6.103127466250466426e-01
-1.967916617741225593e+01
4.178373733575173610e+00
5.051453060491233771e+00
-1.060553827016038220e+01
9.218302672349196314e+00
-1.766293495400145908e+00
-1.119756717721214656e+01
1.476040143622527623e+01
-2.244797299207533570e+00
-2.022115931078118933e+00
-1.130680834992852546e+01
-7.896644594146430052e+00
9.437950779363974974e+00
1.957559469105921579e+01
-1.050329658841092240e+01
1.168649481315490846e+01
-1.393793881743004270e+01
-3.783686200206057837e+00
-4.541819104761213310e+00
-1.067606163552306420e+01
6.355800041102794395e+00
-1.073172043742381199e+01
-9.215645364086110902e+00
-1.082770589815484996e+01
1.243155581231476781e+01
-1.006471408353717933e+01
2.953228750503448907e+00
4.836173705385737875e-02
-3.196461242076930276e+00
-3.801203817511424887e+00
-3.902262606006106527e+00
4.880691793200053752e+00
1.000024286066852675e+01
-1.257394657138955552e+01
9.494350919413950152e+00
-1.344972850388059804e+00
-9.056039836560527689e+00
-6.786133810582708925e+00
1.111069824967994180e+01
-3.819587049049069094e+00
-1.105809768475002031e+01
9.626432123627811421e+00
1.020407035070006518e+00
1.056087965532090056e+00
-4.159613121908897426e+00
-8.329920791513847789e+00
9.947646040534641187e+00
-5.552318531933835288e-01
1.685495312633256582e+00
-1.895141404430487952e+00
3.929556144576050514e+00
6.948564160164164782e+00
-1.797928706543236999e+01
1.739999383614387085e+01
-1.167953325906101014e+00
-6.300349389610289563e+00
1.374023723662915941e+01
-1.899487890304522253e+00
7.618978541559856765e+00
-8.390507895104837743e+00
-1.625250701003736964e+01
3.726284133168817903e-01
9.943781230325020815e+00
-2.969472992752869800e+00
-7.304596259989816431e+00
2.978048105774723453e+00
-2.417991412245971361e+00
2.720603053817107764e-01
7.752935483417415341e+00
6.953071833630232845e+00
-1.870577576628714311e+01
-4.673672797041128035e+00
2.447676113681251664e+01
-8.698743691496696684e+00
-5.710838353747817564e+00
-6.792876374236973547e+00
1.046031635668361837e+01
-5.090088223015239777e+00
1.141607345150525710e+01
-4.978421736094169603e+00
1.631821282871961598e+00
6.192714093514110729e+00
-7.586192054889568936e+00
-5.329531767048352187e+00
1.618622975716777290e+01
-9.320533894841783962e+00
1.097253418633560784e+01
3.831802705077433480e+00
-1.447672930118953261e+00
1.045224309586164679e+01
-9.444577178023266129e+00
-3.566033212292754939e+00
2.066399042586316526e+01
2.317817341664621722e+00
-9.040494584579366943e+00
-3.768618054557892449e+00
1.869781970552377715e-01
1.473696750589009241e+01
-3.575191937918060781e+00
2.151582287797037196e+00
-1.314400651793787489e+01
-2.190609396214968640e+00
8.577679331835151189e+00
1.920209703662588474e+00
-9.959564245530801330e+00
-6.519849904050389000e+00
2.061337486857032530e+01
-6.904035977600722518e+00
-8.463952428033037378e+00
-5.394622771836353081e+00
-4.609710601984543743e+00
1.012968399604026182e+01
6.212859385233926446e-02
-5.907649380435268327e+00
-2.609978198744522970e+00
1.636048219687853589e+01
-1.637581602764178967e+01
2.214536350017734279e+01
-1.944546315571101758e+01
9.146077481185399094e+00
4.505139844392678228e-01
2.937189970389348925e+00
-8.506260855344017102e+00
1.428510567901584949e+01
-2.407909566055356976e+01
-6.784256024529181417e+00
1.048604793434988736e+01
-4.851562711459577848e+00
9.091292366081782816e+00
-9.948074515511965643e+00
-4.158218842881963084e+00
-5.263864702863640943e-01
4.667425402167949322e+00
-7.506092552330336787e-01
-1.209302725575767745e+01
-1.988191888930820550e+00
1.213664417303836895e+00
-6.603252450059740930e+00
-2.155459604012134633e+01
1.125544670714310769e+01
-1.647623229524501909e-01
5.940931344352851085e+00
7.856578688361251395e+00
-1.876771800499943765e+01
7.134151418765750208e+00
-5.399058519411588541e+00
-5.847246511938704927e+00
-1.165418483520757498e+01
1.281439198134508928e+01
-7.244563226995326843e+00
-2.621356834548963732e+00
1.265577606351641293e+01
-7.803724317930309518e-01
3.375463009432251305e+00
-6.046339031442379053e+00
-9.786413393431073970e+00
1.352163878054535928e+01
1.231314066518894990e+01
-2.661013291333533815e+00
-5.336812907135145778e+00
6.931529334613184545e+00
-4.620872059637288309e+00
1.120268525713680674e+01
-9.159444012909510491e+00
9.878271140210944878e+00
6.966325230126880541e+00
2.508848269799817121e-01
-5.782566142700098943e+00
-5.170965401531734784e+00
4.792904964598951878e+00
-1.343178442729789701e+00
3.059112696424190592e+00
-1.150390268036532859e+01
3.838716912819117866e+00
-1.662513865045778871e+01
1.911061950405963117e+01
-7.769091063841363720e+00
5.614032951588489695e+00
-1.090582441176259820e+01
3.619796790029205624e+00
9.711969045261268363e-01
2.314936970982418352e+00
-2.712245767634790639e+00
-2.092517749509549052e+00
1.044353253377520652e+01
-8.727653834162243385e+00
-1.140962149229345535e+01
1.330330701901854162e+01
-1.573373663325260807e+01
1.645197171938107328e+00
1.095465736491374287e+01
-5.857855203858639115e+00
-3.233911880865907307e-01
2.941856812851599834e+00
-5.861487814424510390e+00
7.215346408521961408e+00
-8.353859803287027930e+00
-2.549199706945573851e+00
1.920775320386238993e+00
-7.891279802436077517e-01
-3.839564756896681086e+00
-5.946964492269270153e+00
2.084363010239919767e+00
4.718242684641555051e+00
5.770744278465192778e+00
-7.753381108241701014e+00
1.687071159859483771e+01
-1.346962579893286716e+01
5.901118851734109327e+00
-1.022880729419581769e+01
7.542999369936091547e+00
-9.727218461077699274e+00
-1.833762702255470778e+00
-1.129715391480605291e+00
-4.418840223431454994e-01
-9.742086028736824943e+00
-5.085839328069294396e+00
8.847498316852316691e+00
-7.729187608061929282e+00
-7.546118428432766478e+00
1.538569122252944865e+01
4.240412548484311372e+00
-1.265093098850708131e+01
8.641853579388147466e+00
2.735473277842560336e+00
4.305216127444436047e+00
-3.164470364092171195e+00
-1.017699582531783165e+00
-8.345984464311779760e-01
6.294802798732985316e+00
-1.430395089203889469e+00
-6.327436823446067393e+00
-7.734385678312464485e+00
3.837842638836854725e+00
1.361773698129357335e+00
6.446429031552423083e+00
9.034444362528319061e+00
-1.981923920289998975e+00
-2.421897474761508917e+01
8.404856785341605629e+00
-7.815808051266530221e+00
1.104694983853898016e+01
-8.693246325578906308e+00
5.650975453530758585e+00
1.253218294721152759e+01
-4.467086339238218962e+00
1.167113059959426380e+00
1.268905244587438830e+01
2.258285905426133056e+00
-2.116667200496377177e+01
3.456656279487384964e+00
3.667520210156956395e+00
-1.282920569563377100e+01
1.271837113093409855e+01
-2.630653893795297904e+00
7.016068826844037432e+00
-8.850430843685353821e+00
9.063080703777128377e+00
-5.775746154559968204e+00
1.039492600171175951e+01
-1.565665167565453686e+01
1.516265101616112254e+01
-2.259231358935283929e+00
1.260368840225743270e+01
-8.787262482742194791e+00
3.454245036577110461e+00
-1.017289729877193061e+01
8.944823390252450324e+00
-2.209564427980794221e+01
1.125359090681499552e+01
1.216211674667346010e+01
-1.642066962225867677e+00
2.739914067515391238e+00
-5.564417829991021414e+00
6.369223130631732843e+00
3.532513929255186369e+00
-3.859455273001588971e+00
5.165800128955351234e+00
2.705246308734565730e+00
-1.162324743339519806e+01
-3.147836139137563549e+00
4.185058462363761222e+00
1.061483800132043598e+01
-2.545384729535728141e+01
1.131382455646787832e+01
-1.629658470606372589e+01
1.494033245309887903e+01
1.200735541392434769e+00
-7.183052119317526518e+00
1.157217156212417208e+01
1.573730785755276029e+00
-1.245937642554383551e+00
2.426931835678063365e+00
-3.784063733537696983e+00
-9.805192450723442477e+00
-7.146092002119818432e+00
7.622328784660137302e+00
-1.014766532504565255e+01
1.298588220382475100e+01
-1.828914348304989801e+01
2.565046594986360162e+01
-1.814912109617061375e+01
-4.319572113258023371e+00
-3.359933257955215247e+00
9.346148804579399894e+00
4.380561704285216074e+00
-1.668297073808587605e+00
-1.540562874788387049e-02
3.501560045603393512e-01
-4.278275032517837140e+00
-5.388415249319011835e-01
8.345249733216572707e+00
-1.213244547488053549e+01
1.001105485462624678e+00
-1.592728147542974781e+01
1.324118465107713405e+01
-9.068093534303994119e+00
2.291177190641235484e+00
8.918525991300011668e+00
-5.112324632285801584e+00
1.027360841203807595e+01
-9.281416290162951555e+00
-8.049662992247121451e+00
6.833138108028846247e+00
-1.218738082699793068e+01
5.183802696168081425e+00
1.907034872518848090e+01
-7.424924035073303230e+00
-3.275861983323796522e+00
4.504979333108668271e+00
-1.365078289874944062e+01
1.844989087670349548e+01
-1.045991355075234353e+01
1.210535504414178831e+01
-1.236149569514408242e+00
1.007493683714231736e+01
-2.715069175236556553e+00
-7.209713502635496596e+00
3.749239595246640633e+00
6.242228800081692341e+00
-1.008477624541674889e+00
1.899014522069432331e+00
-6.655929539583443244e+00
-9.535030097770331281e+00
1.377913094860695864e+01
-1.021084555702632812e+01
1.142946370504864362e+01
-1.016701503532982720e+01
3.884275576601917024e+00
-8.035496754965173238e+00
-1.828368804827295691e+00
2.507956824774280946e+00
-5.080064634495979448e+00
6.063696582616119990e+00
1.502276301937375358e+01
-1.517473581049929088e+01
9.355940767930913893e+00
-8.677129120366728898e-01
-1.268562590648714661e+01
9.962455363319275392e+00
4.979917355829917902e+00
-1.893365964681184010e+00
5.658610255311309345e+00
-1.214766323521024027e+01
3.558755072579531387e+00
-3.018989427152808602e+00
4.663569375867715472e+00
4.404708383915247438e+00
-2.092749313906797859e+00
2.347964021016330172e+00
3.865509585312825180e-01
7.389789597868794857e+00
-1.054458258902272760e+01
3.626459932053785806e+00
-1.025632105573351360e+01
1.845104754156232119e+01
-1.157959608861852274e+01
5.101370216805839242e+00
-7.348905153768480858e+00
-3.945062394734391020e+00
-3.297076152494405221e+00
1.141398482870582853e+01
-7.136028897693691420e+00
-8.560442099241678093e+00
-1.159174040811812567e+01
9.516551261951438079e+00
-1.782339743651911590e+01
9.282145987069561954e+00
2.333958032406613370e-02
4.891479735077560065e+00
1.519144031026227815e+01
-1.991751934280707559e+01
8.169362436707659825e+00
-6.638802448327374428e+00
-9.029109180704509185e+00
1.497231729888042473e+01
-7.746790806593349288e+00
-4.799448339181035195e+00
3.584975787940551939e+00
-5.022797399752863434e+00
4.970459385673731134e+00
1.798250345136231942e-02
5.364819505622648421e+00
-5.270039086761034497e+00
1.649101908344695389e+00
-6.201100715464761493e+00
2.233536400645075304e-02
-6.882738492263751340e-01
8.103119073337520462e+00
-4.844911783621340007e+00
-2.779750387226817665e+00
2.833696229518111398e+00
-3.236859007002407029e+00
-7.542014827688197975e+00
1.154192681344551374e+01
-5.397527280749301326e+00
1.439856056363658610e+01
-1.543898519225783517e+01
1.020330239517436510e+00
5.936697340710608728e+00
-2.311246901735680126e+01
4.506583685678029916e+00
-1.422831450618723181e+01
1.028403692546191017e+01
-1.798166406746008761e+01
8.645577419008100506e+00
-9.612031977874089250e-01
-6.345919409239574094e+00
-1.311445274727365273e+00
1.222800575739963946e+01
-1.164823816500125098e+01
-5.963142207044741738e+00
-3.077663156141091427e+00
-2.758074183701040738e+00
-4.411028008348858442e-01
1.488557743848938131e+00
-4.889294792350981744e+00
-1.760842328448803507e+00
1.203060766434205675e+00
-4.167584505263899786e+00
-6.145594421761806814e+00
1.119197532826472319e+01
-1.364736983501103751e+01
-5.432151159300300236e-01
8.930729957088695770e+00
-8.160943161661731171e-01
-1.254604007853894920e+01
2.043807229689635019e+00
-2.977939858531356521e+01
9.015076940151061535e+00
-4.931730768895512540e-01
-5.638336945295909786e+00
5.816668383927509289e+00
4.292617944241747807e+00
1.333800360011073138e+01
-1.017592015441811348e+01
3.153729164201691582e+00
5.492662117217682827e+00
-4.104870716524659180e+00
1.069214424803765695e+01
6.996899551131432027e+00
-2.809809572160024871e+01
1.934927687110286243e+01
-1.690142072517502569e+01
6.435660054452077006e+00
-7.973085476866807575e+00
-6.632694208130597957e+00
-3.083377569042119681e+00
1.812206680438472883e+00
-5.317572673700846408e+00
-8.102948836088074813e+00
1.437888540050497710e+01
-1.587496574968241347e+01
5.002343169696750635e+00
-1.025661794434164342e+01
9.042347315789736939e+00
-2.031443906521104736e+01
4.526683029995290930e-01
4.460188604738423379e+00
-2.214503345587560901e+00
7.709882658528195876e+00
-4.625266296649645170e+00
4.541722452739669791e+00
5.414141913783950599e+00
-3.834438589060308544e+00
1.277575895504630132e+00
-9.117170863494060029e+00
2.218891727532023239e+01
-3.101640142130785538e+00
-2.060669252296450793e+01
1.534510529457494066e+01
-1.811562384057603481e+01
5.904948251183293806e+00
6.305736369726083090e+00
-2.140564268702245698e+01
1.034325749294470498e+01
-1.058803810531091649e+01
7.339653905940626721e+00
4.406329432753590680e+00
-1.108639716725254942e+01
3.904243309728097522e+00
9.687124850447784041e+00
-5.422566879205755086e+00
-1.583769336588691345e+00
6.083915130307158137e-01
-1.185642964649111342e+01
1.730492476853290285e+01
1.658792559497380026e+00
-9.645952657153813448e-01
7.880151963365978673e+00
-7.706394866532235710e+00
8.891720301712835450e+00
-1.122080884291196057e+01
7.532659256870065434e+00
-1.310703850843716367e+01
-9.987905451543721114e+00
1.213642845162457817e+01
3.108199177411147929e+00
1.879395775157042081e+01
-2.288305881945538900e+01
-4.302713104573007818e+00
9.585291842660579320e+00
-7.172186342303739082e+00
1.265860543716453890e+01
1.693998146667123450e+00
-9.197895033025162093e+00
1.693462877082513884e+01
-8.737634352332934284e+00
9.374355466215300581e+00
-7.937469725268194054e+00
9.398534709388755459e+00
-3.109102734853263161e+00
-1.620751317317285256e+01
-3.654954880319918775e+00
3.338916010725797356e+00
6.438969733479929403e+00
-2.258453498906618506e+01
-1.739661813575011706e+00
-4.185252783576500768e+00
-7.763675668311163847e+00
3.296825083516244703e+00
-5.343745350893202684e+00
-8.025837780946909916e+00
1.994933194258075915e+00
-1.139723747049990799e+00
-1.167439087074263959e+01
-6.165692551605702398e+00
1.217934648200362346e+01
-1.735963858006879335e+01
-7.274072260624802055e+00
-5.159425050910576793e+00
-5.079314862696532984e+00
6.554643174878933998e+00
-1.165952357424852082e+01
-1.102251264296126720e+01
1.442557554421632915e+00
-3.795940925910030295e+00
-3.786429235438784957e+00
-7.019842283758217505e+00
-7.869206376941953351e+00
6.443035128285091062e+00
7.411788644191324771e+00
-7.294055335082776814e+00
1.591157944152229753e+01
3.690162348870240194e+00
-5.658168110114510263e+00
-2.867829318653027038e+00
1.766351422252266268e+00
6.723318171465209048e-03
1.262066512018432540e+01
-1.425164789131190091e+01
2.468055005391106249e+01
-1.067312967703773197e+01
6.370973787452927084e+00
-7.069329812868224039e+00
-1.741839989165422153e+01
-1.287614508813403269e+01
2.701650971225681985e+00
-9.585345472946311673e+00
3.298433946730379596e+00
2.437543142948065622e+00
-2.886508859724763454e+00
-1.186851017751318071e+00
7.618860515383198972e+00
-2.578954774655986881e+01
1.125174436565974645e+01
-3.998695062254807198e+00
-2.307101777829968725e+00
-2.495278697862027606e+00
-1.926698056551714444e+00
1.956354507284072675e+00
-2.836832936873156186e+00
7.554302502340747516e+00
-8.361716702348122254e+00
8.028291954706526568e+00
-1.397172940492258952e+01
4.685123649872259932e+00
2.752484165789827575e+00
-6.372145262652943565e+00
-7.006384851040151851e+00
1.105707011351312197e+01
9.055655311753422865e+00
-2.006554152403505764e+00
2.772551826650270890e+00
-1.049919564719115428e+01
-1.391861272681642347e+01
1.130425710572827569e+01
9.265983742842065496e+00
7.561742159477908842e+00
-1.180776594987863959e+01
2.942202244128854005e+00
-3.286280821935572583e+00
6.200297199271338044e+00
5.137864906911071117e+00
-1.903746717070120553e+01
1.148642407398033249e+00
1.458859198884452368e+00
-8.181031299837467685e+00
3.620403667750220489e+00
-1.133479615387493311e+01
-9.275559598327705046e-01
-5.393812435571875952e+00
5.604525151014815521e+00
-1.877628048974810504e+00
-1.434405730354037445e+01
1.422425463345241958e+01
-1.131732477000882575e+01
1.274632980118054704e+01
-7.008983047698125191e+00
-2.198818383478351013e+00
2.164170976150805004e+00
-1.025257910576466003e+01
1.152416604078391416e+00
-1.454225757061313118e+01
1.282059541595324959e+01
9.493742054511336903e+00
-3.309775110637175111e+00
-4.188775099249850697e+00
-9.204652824977328507e+00
-8.579221895832965572e+00
-1.505821190908053531e+01
6.977532632509944932e+00
5.485795863546310436e+00
2.718966923023631743e+00
9.247869250927266194e+00
-2.531374441683350085e+01
2.454758345151595123e+01
-8.978459614222895624e+00
-3.421427451336293224e+00
1.270372394855299980e+01
-1.879808672908973932e+01
1.272359686853235949e+01
-8.703089887324551910e+00
-3.105643544861087513e+00
-1.165206530383302308e+01
3.398232881723016963e+00
8.206461048220061727e+00
-9.739311086804997686e+00
5.034200587015935646e-02
-7.510100448860812961e+00
1.413840023031101456e+00
1.040901896823163142e+00
-2.392301335377909055e+01
7.107119954847617826e+00
-6.634564594485028444e+00
2.374041449132886683e+01
-1.412230285559827436e+01
-4.313850426172223251e-01
-7.246474921790775348e+00
1.301314347616385092e+01
-5.614904194721892949e+00
5.501150833390977546e+00
5.880319333793249115e+00
-7.045683361971590841e+00
-9.412212933451156616e+00
-4.995252338410706372e+00
-3.454698795155799473e+00
2.234754839570067020e+01
-2.845899256476391415e+01
1.040052094230238922e+00
-2.908164220121349786e-01
-1.870252652240825597e+01
1.297065445688763585e+00
-2.917737922116939941e+00
-2.192061714918871029e+00
-9.089398299907470502e+00
5.728421707940256624e+00
-8.088383794856023101e+00
-1.550423776208357296e+01
-1.710606412021194345e+01
1.141062288761417420e+01
1.462945138243718191e+00
-4.877222574624871854e+00
7.885960268312484089e-01
1.275619722312750959e+01
-8.174545452872333584e+00
-3.130173884235262882e+00
-2.108728052376054762e+01
1.418302534900802669e+01
-1.374894902205293334e+01
9.198828947464209094e+00
-2.536968895768115573e+00
4.162898475330892190e+00
-2.152606369214078441e+01
3.309621936280643162e+00
-2.267821711776477400e+00
5.307463670302713155e+00
3.885854693363046231e+00
6.453112328630368211e-01
-1.968745984332323573e+01
1.398070825500965420e+01
6.855750119297984391e+00
2.987298587388698579e+00
6.765596717904323043e+00
-1.052870490999560893e+01
4.923673381725954812e+00
-4.141198185338381244e+00
1.712589715820565672e+01
-1.299475050563736644e+01
-1.154318449938563163e+01
5.421523949546018351e+00
1.523284496791257148e+01
-1.282646264276597314e+01
6.526453031054654019e+00
-6.741232028145036637e-01
-6.195449081306133365e+00
6.245261301203978377e+00
-1.804539549574535329e+01
8.762579661784657858e+00
-5.981364866371245981e-01
6.351669662193949684e+00
5.421982156896953953e-01
-4.495897745801532785e+00
1.602708747747596618e+01
4.109432053685095454e+00
1.098434726580015663e+01
9.582833000741217688e-01
-1.389088564612139365e+00
-3.242120766639366991e-01
-9.916850435838480138e+00
7.978458139895053591e+00
5.996291986833973908e+00
-2.051776106866369886e+01
1.094115341631540517e+01
-1.931619472722798747e+01
5.555969144409010241e+00
3.306979285103297528e+00
9.916717052660303011e+00
-8.306401112262811637e+00
-1.420104448224377158e+01
-6.960939000668242560e-01
1.955670780581691304e+01
-1.513147707980383849e+01
-6.623348899713015214e+00
-7.929659061629791950e+00
1.667345357858708965e+00
9.585121879784932020e+00
-1.648115709369462323e+01
3.221062994423802728e+00
1.463630783394584967e+00
-1.367838792634052947e+00
-2.168295097523368753e+01
9.119751989166253736e+00
-5.677678365397611060e+00
1.464483521026806656e+01
-1.071244171622302943e+01
-1.736403388080045573e+00
-1.349790481388221863e+01
-2.081526975333409801e-01
-7.912314315787617680e+00
-7.325080900624161728e+00
1.142620353692383794e+01
-9.028677730681110347e+00
1.727588533605255350e+01
-7.421631440056155604e+00
-2.292664975504802527e+00
4.183091874605228355e+00
7.826425976759363579e+00
-8.252789870685191431e+00
-9.438553045202180414e-01
8.405766472823353652e+00
6.865873744613318230e+00
2.700481860684217139e+00
-1.170382262147325569e+01
8.713634534879343363e+00
-1.038724978414031597e+01
4.353759951946067908e-01
-6.692281214370336073e+00
8.096775350063115440e+00
-1.000944333153196553e+01
2.642031848889052625e+00
-1.501884748455502994e+01
1.760664032381990296e+01
-6.267296290053858243e+00
7.990942836260870763e+00
2.018173883147572401e+00
-1.863068241196396713e+01
2.274779947644591260e+01
-1.973186434851283977e+00
9.235840253157178381e+00
-3.058991020298924113e+00
3.513664056810017922e+00
2.989915048644245843e+00
1.571662423112167417e+01
-2.739287017891061993e+00
-8.636040377825688452e+00
-8.533194012162539366e-01
2.011141780354453346e+01
-1.701766380708528104e+01
1.383324430340799260e+01
-2.431377031835030422e+01
7.286373012631464974e+00
-2.370784523541660604e+01
1.739480604028913646e+01
-2.957472210448850802e+01
2.726163881100617914e+01
-2.108922217554917822e+01
1.354765788611789468e+01
-1.000864724287264096e+01
7.758918930560479765e+00
1.085542934959672579e+00
3.351087691609076380e+00
-5.305078638012298953e+00
1.864218262646393143e+01
-1.219809794022022764e+01
7.751427272920743405e+00
4.329822969126105647e+00
-2.196998869970811086e+01
1.679194071822758971e+01
-4.575437204996326557e+00
-6.424815594864156765e+00
3.897544565754904156e+00
1.514489880995530058e+00
-4.810733709787939461e+00
1.240614034588498171e+00
-8.372603993351617646e+00
8.801102928495920796e-01
3.362418767756304661e+00
-1.986516443663601095e+01
7.328199855898152038e-01
8.394436741051134021e+00
4.238641221331867825e+00
1.183624608853505755e+01
3.685367045858345847e+00
-7.868573740590375287e+00
-7.764297118622614846e+00
8.139111623131945805e+00
-1.528115367960009152e+01
1.621862838393225559e+01
-6.426050946711704626e+00
5.295250940823203578e+00
8.615873048286152525e+00
-2.587546317888027403e+01
7.952397244914962471e+00
3.266187681045137126e+00
-3.174282910333481311e+00
-8.993124108174690434e-01
5.362550273843963211e+00
-2.913542566491070573e+00
6.133816040888419252e+00
-2.095514479186366685e+00
