0.000000000000000000e+00
0.000000000000000000e+00
0.000000000000000000e+00
0.000000000000000000e+00
0.000000000000000000e+00
0.000000000000000000e+00
0.000000000000000000e+00
0.000000000000000000e+00
0.000000000000000000e+00
0.000000000000000000e+00
0.000000000000000000e+00
0.000000000000000000e+00
0.000000000000000000e+00
1.048376390126250779e-01
1.417865713614673284e-01
0.000000000000000000e+00
0.000000000000000000e+00
0.000000000000000000e+00
0.000000000000000000e+00
0.000000000000000000e+00
0.000000000000000000e+00
0.000000000000000000e+00
0.000000000000000000e+00
0.000000000000000000e+00
0.000000000000000000e+00
0.000000000000000000e+00
0.000000000000000000e+00
0.000000000000000000e+00
0.000000000000000000e+00
0.000000000000000000e+00
0.000000000000000000e+00
0.000000000000000000e+00
0.000000000000000000e+00
0.000000000000000000e+00
-6.795004577323935369e-01
-1.181046033418008845e+00
3.550437057397358709e-01
-4.544458245775881977e-01
-8.194892787641094856e-01
-3.227160561440116093e-01
3.965652463692080354e-01
-1.515594994631330961e+00
1.243187811942896709e-01
-6.386269162983154724e-01
-1.372508225743662935e+00
-3.531197883316419261e-01
-2.073147036279653077e-01
-1.432718255774716676e+00
-2.071353333426309895e+00
-2.101472652193122403e+00
-3.063959190615642481e+00
-1.129311610456737336e+00
0.000000000000000000e+00
0.000000000000000000e+00
0.000000000000000000e+00
0.000000000000000000e+00
0.000000000000000000e+00
0.000000000000000000e+00
0.000000000000000000e+00
-3.808132818060757652e-01
-6.558961915429721845e-01
-4.608556780731627028e-02
-6.223800345856564942e-01
-4.146206153347065992e+00
-3.997236298998946946e+00
-4.566959119291661651e+00
-7.289400134660131592e+00
-7.932941171822449178e+00
-8.872298964681245792e+00
-2.623905445767440447e+00
-6.924702698665704759e+00
-5.602175863231326325e+00
-4.354212803627450334e+00
-7.531663047982067205e+00
-4.924822101502149607e+00
-5.329928874387639404e+00
-6.544966911055048797e+00
-2.846980568546342738e+00
-5.610271714950227029e+00
4.527305475731610573e-01
-1.547768352407571602e+00
-1.951213252783212226e+00
0.000000000000000000e+00
0.000000000000000000e+00
0.000000000000000000e+00
0.000000000000000000e+00
1.038730319266820273e-01
-8.073128272776418646e-01
1.387746145527505082e+00
-3.770724881939093581e-02
-5.056684698005122769e+00
-3.125479955320925818e+00
-3.646864868721358732e+00
-8.731692754804875278e+00
-5.709103731121285996e+00
-6.610140935105238036e+00
-6.011258819990024094e+00
-4.808619216986395273e+00
-7.022839287119140295e+00
-4.315420068535527065e+00
-4.932214371255511765e+00
-2.178918330719077368e+00
-4.190597674865576217e+00
-2.058021635584867948e+00
-2.108167754799882054e+00
-4.470338461719064682e+00
-3.273707316335505713e+00
-4.073257324366332810e+00
-1.839779729935842267e+00
-3.783329889156735071e+00
3.752481097248180353e-01
0.000000000000000000e+00
0.000000000000000000e+00
0.000000000000000000e+00
4.845877339880175216e-01
-3.097140087562979538e-01
-2.307300156359096910e+00
-3.958539892150914064e+00
-7.020769845412315746e+00
-2.796539381979553873e+00
-2.169555969521845817e+00
-1.680183302706927950e+00
-4.648334824665669274e+00
-9.734227853776090678e-01
-2.405169044603030493e+00
-2.683107269849818038e-02
-2.370630231439792901e+00
-1.503143738947966046e+00
-1.875417356159907900e+00
-2.582010176866190498e+00
-2.511119626776036728e+00
-1.596585066990348079e+00
-1.883005405041408453e+00
-1.539839459680977907e+00
-9.958515543544397275e-01
-4.215658852489351460e+00
-6.412494642157182234e+00
-3.274789207932281787e+00
-1.499147814396252887e+00
7.454779707845773373e-01
0.000000000000000000e+00
0.000000000000000000e+00
-8.069831877947521992e-01
-7.130994758449908932e-01
-4.389306715024480887e+00
1.037434374851560204e-01
1.912576327289770006e-01
-4.397177603860272121e+00
3.494870555796936173e-02
-2.966211487696817528e+00
8.701322252035226246e-01
-1.970159923837601967e+00
-1.213442722919021444e+00
-4.190284367212631089e-01
-1.404105956986348769e+00
1.552023598423066253e-01
-8.244811635395992155e-01
-2.124930738204518832e+00
3.182986796339165037e-01
-1.636383147149407247e+00
-1.156052694773457734e+00
-1.006325431329392339e+00
-2.097002612475395544e+00
-4.288780868516981926e+00
-1.941414463201204921e+00
-6.481472061638894999e+00
-1.224933673872020234e+00
2.556246012094054443e-01
0.000000000000000000e+00
-3.660036690265947024e-02
-1.112378134336600599e+00
-3.501002951982171929e+00
-1.450217960174059906e+00
-4.309877534081158146e+00
1.219131825167888206e+00
-3.904855383108012834e+00
3.084026707776050744e-02
-2.719136850060368538e+00
-1.156993586203751034e+00
-3.376877892083563482e-01
-1.135532891577063497e+00
1.128161895284307270e-01
-1.928979161181335333e-01
-1.099823507086021168e+00
-7.874346002747855122e-01
-5.713735725441957403e-01
-7.574616641190137223e-01
-1.600944329396851787e-02
-1.155662598932844176e+00
5.024012160374435876e-01
-3.482911494180124246e-01
-6.132463316922256436e-01
-5.988916318436039887e+00
-1.000620193526462387e+01
-5.450583462351225705e+00
7.614051594497798225e-01
0.000000000000000000e+00
-3.696652462977947917e-01
-2.043408537366645739e+00
-5.541877444562093302e+00
-1.291989673396669813e+00
-1.988196236368594327e+00
-2.399161915278283264e+00
3.484628898265069274e+00
-3.122221067291865104e+00
1.681874370439670141e+00
7.724728807388412388e-01
3.604642678386570931e-01
-6.968182491473132734e-01
-4.324818864626330805e-01
-1.161267698132126408e-01
-4.815677220040393003e-01
-5.443381109977487586e-01
-1.814870123853324843e-02
-1.036597016072739796e+00
-7.053543672193882674e-01
7.934239312869806326e-01
1.485382447520968707e-01
-1.745453452130412586e+00
-4.920000791498498893e-01
-1.632734333827509987e+00
-4.539862684282935490e+00
-3.721694651814993371e+00
5.861948903555799228e-01
-2.479218090243560657e-01
-8.033409722627121718e-01
-2.680337226433836317e+00
-5.079448755180719033e+00
-1.768235205442599545e-01
-9.005765990484757566e-01
-2.918975911448489668e+00
-6.870891111323773615e-01
-1.152567581591023238e+00
-1.844157639019670558e+00
9.890757822284879965e-04
-5.329553414095840047e-01
1.186587254669070557e+00
-1.058535560803851361e+00
-4.438141609604659976e-01
2.489765182656798054e-02
-8.079430065911317183e-01
-8.906816107055230691e-02
-6.305072084615613859e-01
-5.156231324966411567e-01
-1.564799468384257208e+00
-4.844992334357870467e-01
-5.881124869816857226e-01
-2.415525161585975855e+00
-9.625289579419105124e+00
-8.842191287783077058e+00
-2.851626188915463267e+00
-2.514112047082190937e+00
-3.528318209831807772e-01
-2.527576302641345585e+00
-1.502214862442724508e+00
-4.325704204449238865e+00
-2.906753672707030667e+00
-1.297505558527876968e+00
-1.219050585956082067e+00
2.829851712637142302e+00
-2.892422642720493325e-04
-1.983065105621110158e-01
-4.814016415306216490e-01
-8.034641311099383065e-01
-3.028361972558366588e-01
4.754130902070052844e-02
-4.188747550511021100e-01
-9.016576835008427437e-01
-7.287026009618068345e-01
-7.113942888385091923e-01
3.682879423510684175e-02
-3.211318015239816859e-01
-9.491711189068566257e-02
8.333654036428465028e-01
-1.776669910618933201e-01
-1.471852066307118290e-01
-7.687417902996107166e+00
-1.215666985092678587e+01
-5.124312294036153403e+00
4.634986002199884547e-01
-4.241604414295138126e-01
-9.321855572307120585e-01
-3.047168606179618600e+00
-1.004530905426127063e+01
2.001157946544680488e+00
-3.656808756650699710e+00
-1.135698328248678335e+00
-1.825380484042896878e+00
1.478550941132502405e+00
-4.487612796345900046e-01
-2.745535992712311302e-01
8.840514593438062452e-01
-5.080728250188176753e-01
5.460522467646387046e-01
4.574068495748458973e-01
7.412534738766614062e-01
9.103366306722675272e-02
5.825827457884864835e-02
-2.201752471332670269e-01
-2.184243399484731452e+00
-1.792306576403879248e+00
7.578944320301741477e-01
1.881584024049839154e+00
6.441615438221767187e-01
-6.627776662576938982e+00
-2.442292043635258203e+00
-8.018888832948624312e+00
-8.097904385898122559e-01
-1.495088634801417828e-02
-1.558767817213867257e+00
-3.424690280615584559e+00
-5.453211328136625013e+00
-1.797398206364527073e+00
1.286962216400577841e+00
-3.313250832872297047e-01
-1.853784599655391219e+00
-1.763734161097290976e+00
-1.775487959202494137e+00
-8.452630158352691936e-01
2.982494737911574600e-01
-1.521850919571944960e+00
1.804166613875614611e-01
-1.680894028415223618e+00
3.542653022688619369e-01
1.196928502564125196e-01
-8.817919108748156765e-01
-8.747869971522164168e-01
9.641180074634505548e-01
-1.380829156565602789e+00
-1.850846076317982591e+00
-3.542076912969387870e+00
1.376380282136778543e+00
-4.481471880578809852e+00
-3.890906216000158402e+00
-8.944809072826549468e+00
-8.728009794173299252e-01
0.000000000000000000e+00
-5.108535041820634337e-01
-4.904203861206438475e+00
-3.631233619614362418e+00
-1.156730008915595409e+00
-2.556707301002280719e+00
-1.459463575611357644e+00
8.886584417204858033e-01
-3.085113572228548873e-01
5.763831961944715365e-01
-1.386005466101198236e+00
3.600477086038861296e-01
1.011518934808110837e+00
-1.239424211829870809e-01
-5.830649900234480265e-01
-3.442938208218372931e-01
-3.189546238852002391e-01
1.662336496050619838e-01
2.349507652397399976e-02
7.311102731652759090e-02
6.670594527553814768e-01
3.171102517948139188e-02
-6.543490284078010699e-01
-8.040933232631624961e+00
-8.474462633056154104e+00
-5.985163949740830436e-01
1.754897986098733709e+00
-2.116408665441674497e+00
-3.113219941250777029e-02
1.235799758578262492e-01
-2.726677268722551783e+00
-3.506703270895599189e+00
-1.698137394232458020e+00
-1.053196757602011147e+00
3.559049865837287996e+00
-1.911627405457136941e-01
-1.844600662613144482e-01
5.934605144205319371e-01
-1.121713399583444265e-01
-5.666210626607494083e-01
7.506542731967262849e-01
-2.011859713199423805e+00
-4.669391224984970057e-01
-6.369538773134942877e-01
-8.156972686854260801e-02
-5.129766767120951254e-01
-6.841637044346579044e-01
-1.980362601941458411e+00
-1.452038146000755869e+00
-2.268979732824434256e-02
-2.333986674775837322e+00
-7.851187215999538838e-01
-4.368575492265470039e+00
-9.575392743936891549e+00
-1.433395976365626989e+00
-2.328663326721276405e+00
-5.943750543031202094e-01
-1.134911699196706480e-01
-1.113515037279876996e+00
-1.967952353933909659e+00
2.466653150237465009e-01
6.628903081230335115e-01
-1.279104216013600581e+00
-9.573230553734830561e-01
4.989942248316719398e-01
-9.118205726496757535e-01
-1.381254154192968819e+00
1.246561714725960834e-01
2.118418501587163438e-01
-4.674046326727460121e-01
-1.740539508581346650e+00
3.221491849506993299e-01
-1.381957830694733047e-01
-7.336622442003699895e-02
-1.305220948812480852e+00
9.709515577630198901e-01
2.042191031229063203e+00
-1.398108711340891208e+00
1.797297586816202664e+00
6.728599192900315551e-02
-7.163023509974651981e-01
-1.476374104418221256e+00
-7.578547304864453160e+00
-2.817529743277811805e-01
-2.214253779843413095e-01
3.111125523875842361e-02
-4.854159895160355731e+00
-4.046341245275975496e+00
-8.621967650612628598e-01
-2.711523549916758924e+00
-2.674334855130777289e+00
-1.318177792199503318e-01
9.638896784013969432e-01
4.263053244159951127e-01
-3.420987883454396083e-01
-7.756563014406618606e-02
1.002718091411166634e+00
-6.685170497045892501e-01
-1.594650485089722292e+00
-1.553055345413644761e-01
1.089801447084649821e-01
-2.523875773466711658e-01
-5.507662401847703837e-01
-2.661232102237947039e+00
-1.210878072594191002e+00
-1.546151689614476465e+00
8.764256342904410690e-01
-9.226733620657755486e-01
-2.333464154370228805e+00
-4.185683313691177965e+00
-2.589241235847797196e+00
-2.013398754101849986e-01
-2.808160413203206196e-01
1.584419168105447029e-01
-3.141302195533318908e+00
-2.768635535086427346e+00
3.501282340785506486e-01
-1.201447812562237871e+00
-3.174563352373256930e-01
1.302608290471947705e-01
-1.645697207533390438e+00
2.361347230473156422e+00
-1.780004304305691787e-01
8.430350683220932950e-01
-1.145353688957783334e+00
-1.877791603531774101e+00
-1.776019045906127358e+00
-1.901227261811983260e-01
-4.700623238821058369e-01
-1.278683100574068199e+00
-1.544054081274249590e+00
-1.209211231744929504e+00
4.941620296506012977e-01
7.392978481125108692e-01
-2.044377260803046603e+00
-2.770995447065179640e+00
3.042751551629622742e-01
-1.297448345163454064e+01
-8.715959667961353574e+00
-2.167921985387047390e-01
0.000000000000000000e+00
-1.833212141524311334e-01
5.856656168209805058e-01
-7.501584443995142903e-01
-2.688714062302083541e+00
6.817080668929909049e-01
1.461011966866212486e+00
-2.977146927052633507e-01
1.099338411045150066e+00
-1.760671320724405131e+00
-3.795267384454422549e-02
-1.043113321703755592e+00
6.912039197750617925e-01
-3.131704104023191881e-01
7.117212461737247586e-02
-3.676975006125964840e-01
-5.556264059235700437e-01
-1.108836509950190896e+00
5.926842706876574163e-02
4.747616651759140050e-01
8.867603688788259220e-01
-1.953800835396001023e+00
3.600671817476123415e+00
3.049036480901864410e-01
3.790616723276388211e-01
-8.860848874189588997e+00
-4.657604589910937065e+00
-4.000662188410389675e+00
-5.406751290533019505e-01
-6.104584949015438161e-02
-4.385419684442340760e+00
-6.151329828973133296e+00
-1.634981501643779422e+00
-2.085575711087039874e+00
-2.977121192033147512e+00
6.915298728949761942e-02
-6.975916149038177139e-01
1.098243765265001226e+00
-1.326988248283751171e+00
-9.333303590102041136e-01
-1.731688276729213827e-01
-1.482020603226891442e+00
-1.530560098167327576e-01
-9.940140263070974536e-01
-2.296358900225429434e+00
-1.352341369927652637e-01
9.109299945112842023e-02
-7.637815389190014681e-01
-1.110304607886130057e+00
-1.401068990432288996e-01
-4.558022480031053147e-01
-3.402104827925241270e+00
-5.602774332610364061e-01
-4.958938520135919958e+00
-3.021996477706205275e-01
-2.666177523366971558e-01
-3.180901107927510546e-03
-1.187629085413263397e+00
-3.072181929314943716e+00
-4.054831337324136697e+00
-4.842522068268307334e-01
-4.272163274203771621e+00
1.104079108680226851e+00
3.066649992566691796e-01
4.384750156617041594e-01
-9.727837570483048868e-01
3.396573827866970485e-01
-6.534974805880966464e-02
1.038833256739232880e+00
-5.968585638760641743e-01
-9.327623081181751763e-01
-7.947170396541071158e-01
9.127851480200359635e-01
-1.279996281345388676e+00
-8.401911049193543368e-01
-7.011849774499562260e-01
9.021318846536896530e-01
-3.900902717129568487e-01
-4.783853396706613803e-01
-3.069355776369804722e+00
-7.815920999520894474e-01
-1.154912618336177488e+01
-1.666995989740642559e+00
4.969051971354353225e-02
0.000000000000000000e+00
-7.431287275211586607e-01
3.556006412907627423e-01
-4.290315438305034590e+00
-2.686925607201785304e+00
-3.648970708277006647e+00
-1.559267387382125003e+00
-1.295321798560885140e+00
-6.964104690339550929e-01
-6.980484743701421690e-01
-4.669837776776659122e-01
6.958331894781734084e-01
9.798129048943364783e-01
-5.750756974749340333e-01
4.552941910691830213e-02
-1.143398970714257334e+00
-7.921595704553778816e-01
-7.085130254587842513e-01
1.644591493852148645e+00
5.832157467389473826e-01
-2.208840527399329456e+00
-8.992141184692098443e-01
-8.241784144739915385e-01
-1.889045526328679614e+00
1.867620110653515075e-01
-1.350154977313539506e+00
-1.304956920984549296e+00
-2.289740519127529406e-01
0.000000000000000000e+00
-4.483539791269105512e-01
-3.927321798217527693e+00
-3.950126049998298861e+00
-8.513585830423282541e-01
2.571362860118061366e+00
-2.295752138674108878e+00
-7.075344666057011844e-01
9.823649749173555268e-01
-2.023858808389403241e-01
5.564886847794994207e-01
-5.786369539413994678e-01
2.657159484626008261e-01
5.625877464095530023e-01
-4.356897573074254848e-01
2.605572251581717569e-01
4.638516021372307563e-01
-1.481275006951467521e+00
-3.182373658541629013e-01
-1.968436294316810775e+00
6.065284106848305434e-01
-2.395414983891214489e-01
-2.593481284436778278e+00
-5.559633892148100109e+00
3.463772802564274222e+00
2.243997664943510273e+00
-4.235778217409961743e-01
4.827148818975809767e-03
0.000000000000000000e+00
0.000000000000000000e+00
-4.395788513337618220e+00
-5.277695919150342085e+00
-3.465307234044908036e+00
6.527169415037546996e-01
-4.217701718105806741e+00
3.809710503889170985e-01
4.298358375098310091e-02
2.452636393945225035e-01
-3.894659378645352887e-02
-3.573663093579266259e-01
-7.864504454200009764e-01
1.142155031222102934e-01
-8.639161997019275674e-01
-8.312930005018218660e-01
-3.275715382873112813e-01
-2.074808028102035351e-01
9.320475952073830062e-01
6.386864444099114024e-01
1.090370863231554299e+00
8.149618672086017535e-01
-8.506923041829430598e-01
-3.606152488774612586e+00
-4.197446867787645530e+00
-9.543727351476976040e-01
-7.623802233842236209e-01
2.467321957177826333e-02
0.000000000000000000e+00
0.000000000000000000e+00
-1.054066692420730700e+00
-4.752988896774404282e+00
-6.843716381683810468e+00
-1.308804572003600786e+00
-7.818313903369370488e-01
-1.382826961323601056e+00
-2.210091317491751362e+00
-6.111055539776273360e-01
-6.063774677801871960e-01
-1.170004579995739258e+00
2.611311349822805217e-01
-4.024601446289681195e-01
-2.387179400386221784e-01
-6.165592400520389926e-01
-4.008255883018910781e-01
-3.239116404094581625e-02
-1.966910054722976087e+00
-1.157761806182673991e+00
-1.875653720363776644e+00
-2.360329945350003289e+00
-5.595624432224626243e-01
-4.757175315393696202e+00
-5.615112759784499641e-01
1.407539784602553912e+00
-1.244050670983469775e+00
0.000000000000000000e+00
0.000000000000000000e+00
0.000000000000000000e+00
-2.614210751773969221e+00
-4.636445746621354225e+00
-5.963146811003023018e+00
1.578020046024522172e+00
-7.063044432464764544e-01
-9.846062042659282643e-01
-2.305263298839798303e+00
-3.039163888736432506e-01
-3.752942380437837677e+00
-2.568683267373462087e+00
-1.403298159955467250e+00
-1.945524658154184738e+00
-1.228401822955579537e+00
-9.557450986376236912e-01
-3.539999667160627528e+00
1.556879382794049915e+00
-2.495856162521107979e+00
3.811867071315052646e-01
-3.351203877379942409e+00
-3.688878931560187091e+00
-1.661681494463099096e+00
-6.012770926570320640e+00
-3.355578484878856127e+00
-1.228004503862444308e+00
-1.867106253198260735e+00
0.000000000000000000e+00
0.000000000000000000e+00
0.000000000000000000e+00
2.273751815555113964e-01
-1.208685558027459361e+00
-2.633307678328959067e+00
-1.016505501529929312e+01
-4.866390290498913807e+00
-8.057778060065832193e+00
-4.776691903349867374e+00
-4.247620333070353027e+00
-6.588776614762382522e+00
-3.499145149067047100e+00
-4.316804987087119905e+00
-5.536943378017498141e+00
-4.204550167105928438e+00
-7.120477187150295428e+00
-7.496459667484525191e+00
-5.480342628715929365e+00
-9.487302592809356838e+00
-7.421622248677250511e+00
-3.709243629805018205e+00
-6.423800608322440375e+00
-2.133724873291499957e+00
-4.227261836162378827e+00
-9.565152872168738996e-02
-3.213138491045474665e-01
-1.808226984578582774e+00
0.000000000000000000e+00
0.000000000000000000e+00
0.000000000000000000e+00
0.000000000000000000e+00
4.223360517370039935e-04
-3.912316732819920984e-01
-3.032382482993416950e+00
-3.134586445447768988e+00
-6.640255906245959849e+00
-5.159264659199326530e+00
-5.124636325893928479e+00
-5.896613190969296703e+00
-7.276224254114434409e+00
-8.551756649786135256e+00
-8.356619702266520733e+00
-7.196561316716985068e+00
-1.051408900626015885e+01
-7.710550254911956003e+00
-6.323754851071685223e+00
-4.510101495002653671e+00
-5.039375364706925708e+00
-4.233782966598464093e+00
-5.945745382010082736e+00
-2.963087448163990612e+00
-2.213817076654886584e+00
2.083074322017272328e-01
0.000000000000000000e+00
0.000000000000000000e+00
0.000000000000000000e+00
0.000000000000000000e+00
0.000000000000000000e+00
0.000000000000000000e+00
0.000000000000000000e+00
-3.144138819315106526e-02
-8.381164923503796604e-01
-9.233614505459257771e-01
-8.410388473467763637e-01
-1.762787052292903001e+00
-2.375233608235908456e+00
-2.687877087412021471e+00
-2.431570039514065140e+00
-2.469779926043197626e+00
-2.596166599979764733e+00
-3.888537623496189699e+00
-3.235557898530908805e+00
-2.572446789709608161e+00
-2.028748736017861543e+00
-3.042203324682657861e+00
-1.740151759095166506e-01
-1.802718717822406336e-01
-1.031200456721173442e+00
-6.870932081077851805e-01
2.122300522558931701e-01
0.000000000000000000e+00
0.000000000000000000e+00
0.000000000000000000e+00
0.000000000000000000e+00
