-1.303776418086656896e+01
-1.068167725234887477e+01
9.833530029306455589e+00
-7.292904594212275882e+00
8.386331050654030506e+00
1.138346191475021030e+01
-1.356582447637868505e+01
3.869223181121061117e+00
-1.820989371381793376e+01
-7.862654472454760679e+00
1.692391744493858852e+01
-2.461629167596867518e+01
-4.759646797994983025e+00
5.109951386730582357e-01
-6.067429359598806471e+00
1.309287939997505212e+01
-1.477628958849831342e+01
1.114684814266997570e+01
-1.506813842153354699e+01
4.853886287440770886e+00
-2.967803550553176350e-01
5.036166637766199550e+00
-4.706776154874822815e+00
-1.179936862403980413e+01
-6.975857907838244998e+00
6.437706092714000405e+00
-4.534839409365948981e+00
4.229784662553344177e+00
-5.915302047493870674e+00
-4.357318521528300792e+00
-6.773578602465097909e-01
1.815095410707476375e+00
1.585641667869217031e+01
2.242352646427214324e+00
-1.374645805240920104e+01
1.267058956376511603e+01
-1.260788969518568337e+00
-7.162258152570849745e+00
8.206332103338905171e+00
-9.546397222138551797e+00
2.153763940269197619e+01
-1.500515726625862811e+01
7.011388445446922191e+00
5.791180152526020031e+00
1.801297071860164412e+00
-1.441102443622519402e+01
-2.899007000764288300e+00
-9.354538794451965344e+00
1.303147454525793592e+01
4.659760954046989312e+00
-1.871920425289204104e+00
-3.061491734239831786e+00
-1.280347386858346148e+00
1.171777097688435632e+00
-3.334528473123640868e+00
1.433625813705340946e+01
1.053286624508493574e+01
-1.739569132726787259e+01
-2.484930758652597049e+00
8.488896297891734832e+00
1.371500129724296801e+00
-2.375778199100118115e+01
-4.952088248036830009e-01
-6.934979745331801837e-01
-2.063852396417294699e+01
-5.458120801171601144e+00
-8.367594481511734017e+00
3.133318201129831060e+00
1.138898235083429888e+01
-2.293524009628818749e+00
9.215308105611255129e-01
-5.425841456558189613e+00
-1.441204205609981770e+01
1.815923554919249838e+01
-4.168454502489635338e+00
-3.649882920869364611e+00
-1.666770806092205959e+01
2.515517751108007616e+01
-1.308566185224619716e+01
1.858721254376075294e+01
-1.835179076264767772e+01
-2.028338123284597616e-01
1.480879519437253933e+00
1.288950124097897554e+00
-1.781719780800221642e+00
-1.350633889539708044e+01
4.112239428865196444e+00
-1.447601649905323029e+01
3.168316032606545818e+00
2.253091877717849911e-02
1.180024639376159534e+01
-9.382922613455946248e+00
-1.705383900047940937e+00
1.483474774000596597e+01
-8.065348208908414307e+00
-3.381186649453930215e+00
3.353813041442072773e+01
-9.776544724325233915e+00
-2.892345993044349584e+00
4.964194507575950155e+00
-5.352917879561053027e+00
-5.596552559409964100e-01
-8.785640407721654555e+00
2.020090139908412041e+01
4.479343400269906184e+00
-1.382120090204432294e+01
8.761443160442990319e+00
4.409261282985159625e-01
1.075831747513805503e+01
-1.623150210252637038e+01
2.378675661116746554e+00
-6.247468424389367669e+00
5.403592943747572264e+00
-1.425265659563793363e+01
2.608309221274138423e+01
-5.802598667821389888e+00
2.861989326292819769e+00
1.590694218411405814e+01
-3.062365136281171729e+01
3.608204928149304180e+01
-2.042710604308977906e+01
9.507567218580259549e+00
-8.980354572253137491e+00
1.444223169310424737e+01
-1.451635352067373930e+01
-2.313613449213641715e+01
1.539078768498277405e+00
6.848907770618239965e-01
-1.346443939023861702e+01
1.745750727478478037e+00
-2.644696788252833386e+00
9.824441492312077084e-01
4.985696508795975923e+00
5.018228551226400214e-01
1.208679351860833151e+01
-1.182348391329762549e+01
-1.258182696958906277e+00
1.089108872717224230e+01
-7.753007006234023279e+00
6.206714390773447221e+00
-6.558220242780965492e+00
2.280831624226001964e+01
-5.165678915604810406e+00
9.709815624523630007e+00
-1.833210514911744582e+01
2.613883193019719542e+01
-3.049079589696376758e+01
1.303932697928535944e+01
1.088688924873386199e+00
-3.679292070887118626e+00
2.404629635583669867e+01
-2.322967509435195765e+01
1.485236218202691916e+01
1.278965064378769512e+01
5.965409380136328821e+00
-1.545829448613407564e+01
1.172260910793129263e+01
1.791683644238507611e+01
-1.143348158198165976e+01
-1.481723253887876801e+01
1.411331701978053133e+00
-7.643052086849229099e-01
-2.071188722741188037e+00
-7.367787966883295070e+00
5.221760141857439308e+00
-1.481993590217710022e+01
-8.222740338010110506e+00
1.481391640387147390e+01
2.679752447827696393e+00
-1.740358604757121697e+01
3.991478486103199330e-01
-5.333189216673488886e+00
5.243241932060954014e+00
-1.016910482825005602e+01
-6.699527177041176174e+00
-2.900694226100544171e-01
2.088555820350167380e+01
-1.556310236119832524e+01
1.072591405592145364e+01
-4.623121083009563037e+00
1.206425408735526261e+01
-2.110610515737873172e+00
-2.151622915363820709e+01
2.910802054606190126e+01
-1.517514152706579367e+01
-6.091511231564114226e+00
-9.651280550599516062e+00
1.468617624712645586e+01
-1.093165224500468646e+01
-6.350145074143737745e+00
3.304218503624413383e+00
1.543735215502583635e+01
-1.259514477850977698e+01
1.552040886281744747e+01
-8.324676762223031545e+00
1.410510575234009956e+01
-4.842709791147252751e+00
1.938798000703616253e+01
6.709813739340347638e+00
-1.800868696015322357e+01
-3.471218409229349433e+00
1.554058480738592962e+01
-5.531379162072258993e+00
-1.732409588615062646e+01
-3.777096544968419067e+00
1.234533105450518775e+01
8.417834271728455775e+00
-1.611611373170534733e+01
-9.408787068424668831e-01
-2.416078888785744283e+00
4.755411979156233926e+00
8.110235760583210052e+00
-1.124493880959288639e+01
7.238353508339942621e+00
1.381286250543065997e+01
-2.364430391578541801e+01
9.104866228822663388e+00
-1.990878313691702317e+00
-2.162735848705061414e+00
1.066150612802630349e+00
-1.054449689899234599e+00
1.195397491647383248e+01
-3.745117348208711228e+00
-2.874203808380552516e+01
-1.016504643774039174e+01
4.359037634800753125e+00
5.399078589480723167e+00
-1.304200797562762659e+01
-1.005033004782549177e+01
8.354216358143682797e+00
-7.323486566066015335e+00
1.883686746667639511e+01
-3.099217679080158661e+00
-1.346270891640219247e+01
-7.859479847977624445e+00
1.779051924100351556e+01
2.161550476580527125e+00
-1.903087993992561522e+01
-3.377046804817777748e+00
6.785631023575009024e+00
2.377717929775554850e+00
5.479186028101329597e+00
-5.336631601127674429e+00
-6.679156169652019415e+00
1.080056763658504870e+01
-1.422802144643770994e+01
-6.943597161712365740e+00
8.349292036726206234e+00
-3.217247737703024413e+00
-1.551663134005210054e+00
8.526127826399523713e+00
-9.444299078956223781e+00
1.400875306500592998e+01
-2.679217257243384864e+01
-2.894590681438573121e+00
1.723479438918899476e+01
2.935531711813968769e+00
-1.005426229332545063e+01
1.465467260498431568e+00
-5.448324198205106939e+00
1.395787774475892640e+01
-3.854447533581373264e+00
1.163567682291072991e+01
-1.665581662089908122e+01
8.259701511392774087e-01
1.549694418636427962e+01
-1.437895804215315820e+00
-9.430568502297346001e+00
2.478586290958136651e+00
1.319267479783625774e+01
-1.940014405469999303e+01
5.421018476682981202e+00
-4.925596149705549820e+00
-6.530851142831782141e+00
2.942552743731876586e+00
8.321915913171428869e+00
-1.407131045231021993e+01
2.683945062137384596e+00
9.068100736048747557e-01
-1.014923761044877715e+01
1.662508664619031862e+01
6.704147773719881798e-02
5.936652371001382988e-01
-1.106327792788088349e+00
7.308907862566752733e+00
-1.831044092887859520e+00
1.207544625063330557e+01
-1.416969761054495613e+01
-5.846908018822374764e+00
7.418661377590173300e-01
-1.281432338519634762e+01
1.663885178194925629e+01
-1.298156747572971703e+01
-3.168540333619363381e+00
-3.808226799368249260e+00
1.131127950431756801e+01
1.031006252756791142e+00
-1.816170849530633546e+01
1.104747083208824954e+01
-4.523912989124093009e+00
-9.345349619999021584e+00
-1.082361554904178647e+01
3.940355724355770306e+00
5.884806981543437843e-01
-4.398235350697241586e+00
4.374256105674713346e+00
-1.177117294886957666e+01
-2.572119950466467131e+00
8.383353164278437575e+00
-5.151554597990765316e+00
-5.587756902837263340e+00
1.521281355380500599e+01
-7.777847053407342059e+00
1.132106518929066219e+00
-2.299691828022889517e+00
-4.854120806079447625e+00
7.056203544358279345e-01
-5.897598879934040639e+00
-1.187990148938152402e+01
1.716796879145859123e+01
8.323173672771385867e+00
-7.321023804554351422e+00
7.140172734382399966e+00
-3.818033814212782318e-01
5.729338063419078253e-01
1.395136763010848746e+01
-1.582306018490496413e+01
3.606949355592902862e+00
-4.129662511745277875e+00
2.129335752187379072e+01
-1.712576824669721631e+01
4.350263114296177847e+00
6.614117311688588075e+00
-1.217380614583380449e+01
8.113283207545794795e+00
-1.483850688427229869e+01
6.580131613883993147e+00
-4.426849994028858148e+00
8.811790166683090675e+00
1.674655187529495493e+00
5.776731598350890451e+00
-1.156859124129688254e+01
1.022624198329192780e+01
5.243815913729218181e+00
4.085895992902934815e+00
7.394746461645734570e+00
2.082990366550864003e+00
2.865158117082078348e+00
-4.543580950291199017e+00
3.751767397913928548e+00
1.402700866107995914e+01
-1.948616947910959851e+01
-5.342230869901229084e+00
8.226223447326674432e+00
2.030840328542193873e+00
1.440651373745404307e+00
-3.949843251045751735e+00
-4.561429502377059464e+00
6.404113738288779167e+00
-4.172316955703859520e+00
-8.876250798400512565e+00
6.421624683414483670e+00
3.005500334345778679e+00
-2.221228220475304660e+00
-1.012815238658828676e+01
4.986333961004651982e+00
-4.455340790158015096e+00
1.185808613043523074e+01
-4.414892212107456970e+00
3.679295014704266009e+00
-2.593944961063606058e+00
-6.063737577311412608e+00
-5.599867263699096931e+00
6.082945679269164962e-01
-2.367481587116184727e+00
-6.516258969040947591e+00
6.062630676033863963e+00
-2.942896605015699052e-02
-1.074988362836557876e+01
7.010004522536243954e-01
1.645072333478606197e+01
-1.939133378992094592e+01
-1.200998154941632023e+01
2.143814760640834294e+01
-1.517342405328562904e+00
-3.276049466161836676e-01
-1.783406858340912837e+00
8.427203630302932069e+00
-5.193464063762158744e-01
2.726986149521940739e+00
-1.046620973574213842e+01
-1.141842033456081928e-01
1.266612107570636425e+01
-7.728373596911104038e+00
-1.778003688757763712e+00
-5.687685509742038903e+00
1.355886540352532599e+01
-1.208419687211718774e+01
4.326979620033717389e+00
-9.908088422701586850e+00
5.432517415107271930e-01
-2.290288393799620792e+01
7.919241111536717170e+00
-1.000108753163895692e+00
8.440469483156309849e-01
-7.265729695235523700e+00
4.390185982165439427e+00
5.534803548549855456e+00
-1.476088285991376203e+00
-1.049785046926837495e+00
3.763335041338191189e+00
1.156161921331682585e+01
-1.093903792336465308e+01
1.030920609060407500e+00
1.368349154118278044e+01
-3.847698746441709616e+00
1.005512679555190658e+01
-1.097867690987288825e+01
1.917229924918403583e+01
-1.957345817213754913e+01
8.631809590402140131e+00
-6.566740761014307814e+00
1.116331255282255341e+01
-1.310822575781682886e+01
-5.491304150003291085e-01
3.577564937058387073e+00
2.071294112231619522e+00
-3.213728574383544867e+00
1.042188924353831148e+00
-3.514665028764283328e+00
1.455591900945526262e+00
-1.950615474026833773e+00
2.267501016824260418e+00
9.021402208381390508e+00
-9.301780688321987789e-01
-1.365511644162726412e+01
8.747791895998730638e+00
-8.283449264864064077e+00
1.993121073159739964e+00
3.680530018776545731e+00
-3.218040743974025730e+00
-2.959168342068073110e-01
-1.120497171205884612e+01
3.816111543667680905e+00
1.629734446761311517e+00
4.432044492954343440e+00
-8.954585514057544771e+00
1.260819821408064456e+01
-1.474307049664064451e+01
1.401569662819240492e+01
-6.758969488445814022e+00
1.006543331449480405e+01
5.224864420513372743e+00
-2.092671933329890877e+00
-1.711328038456260359e+01
7.330671139892914745e+00
-9.867623529324016651e-01
-8.806448382478206938e+00
-1.363101587712577611e+00
9.338601056725890359e+00
-1.095586571691874944e+01
2.046638119016009227e+01
-5.321833659952053708e+00
1.891878457426371618e+00
-4.946221981413308377e+00
3.590043571574644599e+00
-4.663892831339822465e+00
8.244136403817982739e+00
-7.974694728420701040e+00
7.161972104202980915e+00
5.529950332449663719e+00
-4.495574797037740211e+00
-6.187815666647762392e+00
3.130629841712963213e+00
2.280593023250969686e+00
-5.771106517120951906e+00
8.865387740497753910e+00
-6.396510307079545932e+00
-4.529858220790075052e-01
-7.695145829124628634e+00
6.695752978385160148e+00
-2.026160757658734823e-01
-2.289372518039220150e+00
-1.554653538657786882e+00
-7.577147876431457263e+00
-8.995039007889833016e+00
1.492783802496365908e+01
-5.525271752881163678e+00
-1.056899237851749440e+00
1.183435875592372888e+01
-1.625782068684149095e+01
-6.881787746370982006e+00
5.658672870219666251e+00
-1.514376750723637777e+01
1.250349942791997826e+01
-1.247198480365628193e+00
4.940271957207295728e+00
-5.588337008446199405e+00
9.588078496460878952e+00
-2.056477205354779869e+01
8.433842468540992954e+00
3.104251208917805371e+00
4.046877918763071236e+00
-4.844429546556416888e+00
6.825424960284314224e+00
-5.004211289926510986e+00
3.651709580323924342e+00
1.471369117737901000e+01
-1.654890425976399726e+01
1.925881472610848277e+01
-1.103032782146498825e+01
1.042080576811578219e+01
-7.468065020116522845e+00
-1.189533902443837832e+00
2.664530053650062236e+00
-1.069277641331951134e+00
6.125157354522222874e+00
8.171715390741555396e+00
-1.631840112274617383e+01
4.716589258277871011e+00
4.871265675753763347e+00
-1.813276216200594249e+01
7.003862336947979550e+00
8.366431579729226797e+00
-5.970308606097303183e+00
3.488013238009283867e+00
-8.804832746858675563e+00
-6.428072598272549065e+00
8.490754583054023641e+00
-6.646468301712729065e-01
6.085791431741903956e+00
2.493585803614861263e+00
-2.484893217918310526e+00
-4.729727861254093391e+00
6.606513360819493030e+00
-2.326773287813625579e+00
5.581107961618303470e+00
-4.575070735097571450e+00
-2.426250988057983449e+00
-1.040681960945828344e+01
1.753216995137271184e+01
-1.121908303104136806e+01
5.983779101231139208e-01
4.151889999332350811e+00
1.379756593230522377e+01
-5.893893736588902144e+00
-6.267773843724345539e+00
-1.016867391417122590e+01
3.321208536960154056e+00
-1.279935320932661114e+01
1.228356708690003884e+01
-4.208273547015805249e+00
4.581787049146376134e+00
-2.129122374425874487e+00
2.002174506718944258e+00
-5.858359936120274725e+00
-5.127671643545122393e+00
2.809945292226128988e+00
-3.214279172894247694e-01
1.467039759748834271e+00
-1.508493054913694031e+01
3.557893775841074024e+00
-1.620711281236282275e+00
6.321130791792103132e+00
-2.104926801673495440e+00
7.113508283885430217e+00
-6.504860995854904182e+00
-5.184420223583178000e+00
4.706196462534828484e+00
5.849765809541420225e+00
1.523481030974335404e+00
7.248208459522645697e+00
-1.146301987804510780e+01
1.192088825965333143e+01
-3.430215612165454342e+00
1.610541630848065786e+00
-1.093430025553943175e+01
1.175126624031232581e+01
-5.049747434783462552e-01
6.107994408927090113e+00
-3.383765406712760715e+00
2.788861781239395654e+00
9.806684739372432347e+00
-5.347231061329859259e+00
-5.290158534255678724e+00
7.581934650367969653e-01
-3.783601286275230180e+00
-2.850503648986358662e+00
5.199551124765809718e+00
-1.981661547985094529e+00
4.393880651657617875e-01
-1.239048235021794930e+01
2.553498263646424959e+01
-8.223084346321900995e+00
1.484141300402338715e+00
-6.526648776202124580e+00
1.591919339982123738e+01
-1.190441484784743409e+01
1.411955739128820930e+01
-1.309455206786329029e+01
8.002654443999324130e+00
-7.782151103737319886e+00
2.503637057279455291e+00
-5.390832272764063404e+00
1.230355218372189618e+01
-1.140111928265316088e+01
4.453463657933106390e+00
8.328115049132671643e+00
2.920653459977600619e+00
-7.817877360137285514e+00
-7.230727267046010098e+00
-1.262048149678797770e+01
5.676967326722621721e-01
3.744483975706300427e+00
-1.039343726331702911e+01
6.713954999718887429e+00
2.376325903213232671e+00
-2.459676879448373654e-01
-2.548824210850007432e+00
-1.816121576297024642e+00
7.883254259989835866e+00
-5.403612687901911960e-01
6.534382435873936856e+00
9.077520198254457995e+00
-2.486617165416583219e+01
3.324270072614473293e+01
-1.504473573926946273e+01
1.101769208145397272e+01
-7.186280018496548294e+00
3.789748104426625019e+00
-2.628056670917815474e+00
1.051552963385696060e+01
-7.078601603748856164e+00
-5.060523362903524891e+00
1.483100875900180426e+01
-1.183324960399696657e+01
1.278678655776690753e+01
-9.313427056150274552e+00
8.210227829960176749e+00
-1.871643683099353339e+01
-9.036330111201083426e+00
1.028582704805565662e+01
2.415575659839489520e-01
1.615471543113299546e+01
-6.811098952406922535e+00
5.617919197021759459e+00
2.269873873846169232e+00
1.725777965666246416e-01
-1.059556883524292736e+01
-6.616254719568051001e+00
1.743021478727720819e+01
-1.606218058051596564e+00
-1.499173854832598529e+01
4.952620452049395716e+00
-1.913678524073142739e+01
1.018765197026219482e+01
-1.435960642451920677e+00
-1.108700229582291819e+01
6.815421941957762186e+00
-8.349402452559628429e+00
9.253505635000868423e+00
7.049260873125268390e+00
-1.123427020775826968e+01
1.369744674792658756e+01
-3.563025504861653481e+00
5.540169675405942407e+00
-2.009185426311592693e+01
1.809706177376925851e+00
-1.240302540509052420e+01
1.340122651024069178e+01
-1.205631428918836079e+01
8.748129701110594070e+00
1.314522132582140657e+01
-1.903409507845771031e+01
1.948307959871502959e+00
-1.277057484585938596e+00
-3.743926744399417750e+00
-6.277632216770810736e+00
-7.684782251850652557e-01
1.232374175868545230e+01
-6.694853302925785954e+00
1.642281131918973003e+01
-2.458362003665166995e+01
-1.297111967575305513e+01
1.465301316106682350e+01
-1.449322212538464960e+01
1.636620648173870407e+01
-1.549646618794607100e+01
1.042378579696000784e+01
3.002183618103957841e+00
-1.298109275968071863e+01
1.167291461899526439e+01
-9.841083358222343591e+00
-1.340554420688478743e+00
1.142329077248153268e+01
-2.406283973316711666e+01
9.180449428639150256e+00
1.334009778642293531e+00
1.317620082730020847e+01
-1.183628394000399453e+01
4.494056399498409959e+00
5.329706604410553439e-01
-4.838175271457838988e+00
1.667124044594045174e+00
-1.756197586384452336e+01
9.146869907368282426e+00
1.708288792968576075e+01
-2.981385066045378451e+00
5.884194807499219415e+00
9.401399477528643800e+00
-9.574749767468269113e-01
-2.151622781327551692e+01
6.299204258983855276e+00
-9.520949362515722214e+00
3.265849560837863486e-01
1.015819582042731284e+01
-7.851082514612231833e+00
-8.969881754571709109e-01
-1.317105509263239860e+01
7.915945749823361410e+00
-1.497799027252773918e+01
-7.350993091327019613e+00
-7.090203339898621948e+00
2.192634317697276458e+00
7.782279442569077332e+00
-8.185107225793117891e+00
6.429149876566014221e+00
1.078934855235804946e+01
-1.000065183142228342e+01
-2.649611703219022729e+00
4.204238719739512575e+00
-2.357178098891488105e+00
6.180216149328725095e+00
-9.595410166943045382e+00
1.636784646923354103e+01
-1.687593513714483606e+01
1.854937073296407846e+01
-2.563422703954108073e+01
-1.354191394286852734e+01
1.273025577225264726e+01
-3.920732691757606858e-01
-5.315397852366977816e+00
1.088469527667371572e+01
3.970449822078429669e+00
6.796519980163693297e-01
1.421347672054261935e+00
1.505206791928294585e+01
-2.345432391201000755e+01
1.269048035224797388e+01
-4.845550330489798441e+00
3.721342529089654683e+00
-6.213899304369296495e+00
4.894134552351451006e+00
4.444554901829210536e+00
-1.065886315648516103e+00
1.048159424968253539e+00
-1.256102247161713237e+01
3.612979218531671144e-01
-1.482828234086709784e+01
-8.156008936532206377e-01
5.865935552485921356e+00
-3.342794804982752943e+00
-1.196035885091299633e+01
1.660751636114629548e+01
-6.468523029318991036e-01
-7.659736818833268401e+00
2.183357175676628792e+00
-7.612777450744365737e+00
-3.175548879544086489e+01
3.707362093369592060e+01
-2.152234656380434430e+00
6.960196365897985515e+00
-3.328537932530670318e+00
-8.112646957027218164e+00
-2.650890724199563842e+00
2.043923709266328714e+00
8.021020305630829128e+00
-1.261861425471617082e+01
-1.078239976381891552e+01
1.155064280375291474e+01
5.664646421698948942e-01
-2.768206149624125700e+00
-1.108947492058815776e+01
-7.921145054964882526e+00
-5.439739411876109543e+00
-4.587782478806452957e+00
-1.012101358582347110e+01
-1.194924833596972391e+01
1.235731311279099742e+01
-1.249224732873513766e+00
7.570180625738704094e+00
-9.113792790009600964e+00
-2.710432693111506808e+00
-1.099610988710229442e+01
5.803345013061285584e+00
-6.655179662065799917e+00
-3.759712223318813606e+00
8.451324190047541762e+00
-5.592089020279285450e+00
7.517155563674554841e+00
-3.585108906754616243e+00
-2.203039143872794980e+01
-4.706409178903207646e+00
6.198497611302400401e-02
-7.671715898414993795e+00
7.592567674571998992e+00
-1.845100101246002211e+00
6.619775406176911403e+00
-1.738607719352878789e+01
2.374067027296307231e+01
-1.102013966235742615e+01
-6.383212049229068263e+00
9.759282329127900724e+00
-1.357589842340882313e+01
2.037283749563281887e+01
-1.614520785425953564e+00
8.270965068739350556e+00
1.282987756720131323e+00
1.101505455973179437e+01
5.331739427038392876e+00
1.027216015510722613e+01
-1.316973721993858604e+01
1.892485225016045547e+00
-6.277298037517121898e+00
2.373932106393036534e+00
-1.086505875869310245e+01
1.131854083573825065e+01
-6.326919459184052741e+00
1.724206434467888727e+01
-2.835866547249672465e-01
1.190819227030050698e+01
-1.432572535765959465e+01
-3.496565488954157530e-01
1.121698697402190881e+01
6.607705224704023550e+00
-7.415198962151013262e+00
1.194349419893144670e+01
-1.127314228303034938e+01
3.785026905144650566e+00
-1.151392164177525679e+01
2.626492353746051478e+01
-3.393308373477823636e+01
5.241040224773136025e+00
-2.141789991225329093e-01
-4.942760915532865340e+00
1.954504379648928314e+00
-6.296248355945548880e+00
-5.603094455296218968e+00
-8.307441336288361455e+00
-4.317057765975609307e+00
-1.033725327288970242e+01
3.416973221801718807e+00
-1.598790463499853232e+01
1.893431964946273283e+01
3.150203218274125305e+00
-2.124232903158896235e+00
-1.294446155281752553e+01
1.098963230004516589e+01
-5.272444982910347022e+00
1.007638418686547510e+01
-1.007672994648446974e+01
-9.910117095536682186e+00
3.070948781757779855e+00
-4.839410763588514186e+00
-1.034410516920683420e+01
2.440504212890511226e+00
-2.075191197197715809e+01
1.311242988141774646e+01
-6.190246096625021011e+00
6.467168742813930393e+00
3.807726847152082428e+00
-3.559095678639847549e+00
-8.502952976283459918e+00
1.097008538249619036e+01
1.332715563244003221e+01
-3.288533339988173765e+00
5.653747680131715470e-02
-1.578801116992252851e+01
-6.402914224114802266e+00
-5.941303022479909046e+00
8.291537681472012977e+00
-1.692738812414522620e+00
6.204387864415304321e+00
1.813845190973833787e+00
9.740490840851627752e+00
-1.607778193747983764e+01
4.623905988397982725e-01
2.438828501848463670e+00
6.642754049606918620e+00
1.101521676624874502e+01
-1.573582559065366127e+01
2.706484799798595464e+00
8.060056809692458302e+00
1.997549245380272964e+01
-1.645879397893018137e+01
4.228707044072670840e+00
2.082539179799197271e+01
5.176268762078348296e+00
7.679213853291334324e+00
4.785853985950478950e+00
-1.428441709020509265e+01
1.015007734092297831e+01
-8.364841437721555195e+00
-4.031019079967581575e-01
9.780386975097940194e+00
-1.629150039265578442e+01
7.622149531995997762e+00
-2.293420276264561863e+01
1.909529005451787498e+01
3.119413238603724103e+00
-2.195594782728451655e+00
5.454980742394727855e+00
-1.573512659832177718e+01
4.694777037644824347e+00
1.109518358012385342e+01
-2.289389424767351855e+01
1.455889851557652825e+01
3.975306459172260887e+00
1.142959290663786120e+01
-1.671421196929982145e+00
-1.384401751108849510e+01
2.746277120302828223e+00
6.486912185320280244e+00
-4.546392510183145497e+00
-1.635714476166005227e+01
8.201926645942656080e+00
-3.388722452771908422e-02
4.680499876201283271e+00
-8.435442260836460093e+00
-1.248025380361971060e+01
-4.294924531389495037e+00
-5.897680705079872077e+00
6.757177284557405628e+00
-1.047751955053768391e+01
6.857618835704903049e+00
-7.991018359629164181e+00
1.611241449696554895e+01
-6.481439357711332505e+00
5.287337428699141029e+00
1.016071770333936897e+01
-1.302023323902329288e+01
-8.159696642998898852e+00
5.568954470087380315e+00
-4.367017021351159656e+00
9.669401101665313192e+00
-2.897132840718175117e-01
-1.496042877284110695e+01
2.942743901536633544e+01
-2.919492208862202531e+01
9.897908593698165447e+00
-1.055926081421845986e+01
2.321296669730992335e+01
-5.479129348467897564e+00
-4.417250897231252083e+00
-1.191135671174703248e+01
1.352877066863525712e+01
-3.765459804983649406e+00
-9.641223249710542120e-01
1.818914880897411823e+00
-3.826203538360976708e+00
-1.434510800541308750e+00
8.850121974121769597e-01
-2.759991108246029334e-01
8.744338745558417614e-01
1.061349134695276675e+01
-1.216721241345444149e+01
2.771572925066904958e+01
-1.149649531014831361e+01
-6.731486479316640903e+00
-5.444054628541945107e+00
1.365788782802340329e+01
-1.758276635015124612e+01
2.008537546717965228e+01
-9.593357290973859364e+00
-9.904052857153331502e-01
-7.284775689580069269e+00
1.380612092174634675e+01
-2.252628322203309352e+01
2.153101861507795434e+01
-8.651687191565576640e+00
1.978165883530489921e+01
1.495704947424313147e+00
6.752923550055598412e-01
3.363381680876337043e+00
-1.520193909775147389e+01
1.302190083566364009e+01
1.182466038442982281e+01
-1.539266501996023706e+01
-1.693061601329033294e+01
1.041989156437947983e+01
-2.617487085105017286e+01
1.680792847893956221e+01
-3.081539857684919781e+00
-1.113847323943516443e+01
5.830197953236190500e+00
1.258755788238685724e+00
-8.990637197368881672e+00
1.618234853565825304e+00
-8.220983642109919387e+00
6.578072023255601586e+00
-4.434913538751050766e-02
-9.768342563181095173e+00
6.013409347781040637e+00
-3.956641253089782317e+00
-1.058899551772283942e+01
1.116249239446885255e+01
-7.954890328698175139e+00
-4.644258515909719165e+00
-8.423404638526562849e+00
-1.498408887847169302e+00
-8.042973240305517635e+00
3.332600478306311231e+00
8.198996962789983911e-02
-1.181032099627995535e+01
3.162328361521405284e+00
-1.531495431625300796e+01
1.070049104652377991e+01
-9.687928260957750837e+00
-1.276919170011586147e+01
1.489658599317422727e-01
9.329912159696787555e+00
1.231550604576250763e+00
1.397475307894304919e+01
-9.816076413562129233e+00
