nan
nan
nan
nan
nan
nan
nan
nan
nan
nan
nan
nan
1.451150178909301758e+00
1.314572572708129883e+00
1.467910885810852051e+00
1.467910885810852051e+00
nan
nan
nan
nan
nan
nan
nan
nan
nan
nan
nan
nan
nan
nan
nan
nan
1.478927731513977051e+00
1.968326687812805176e+00
6.874372005462646484e+00
1.164554214477539062e+01
1.527218818664550781e+01
2.691849327087402344e+01
4.495346450805664062e+01
6.193435668945312500e+01
7.270611572265625000e+01
7.492186737060546875e+01
6.582745361328125000e+01
5.545300292968750000e+01
5.457582092285156250e+01
5.671012496948242188e+01
4.639548873901367188e+01
3.270217132568359375e+01
2.502234649658203125e+01
1.073996639251708984e+01
6.152532577514648438e+00
1.702890515327453613e+00
nan
nan
nan
nan
nan
nan
1.478927731513977051e+00
1.356959819793701172e+00
6.113102436065673828e+00
9.412624359130859375e+00
1.786873435974121094e+01
4.265033721923828125e+01
7.391868591308593750e+01
1.453254394531250000e+02
2.562115783691406250e+02
4.049709472656250000e+02
6.226457519531250000e+02
9.012624511718750000e+02
1.201447509765625000e+03
1.455033569335937500e+03
1.585468750000000000e+03
1.513753173828125000e+03
1.308316284179687500e+03
9.255107421875000000e+02
5.462363891601562500e+02
2.831846313476562500e+02
1.335904083251953125e+02
4.463012695312500000e+01
1.224603557586669922e+01
2.816830635070800781e+00
nan
nan
nan
nan
1.344616293907165527e+00
3.262020111083984375e+00
5.986108303070068359e+00
9.913703918457031250e+00
3.651971817016601562e+01
9.726897430419921875e+01
2.091286010742187500e+02
3.883799133300781250e+02
6.118970947265625000e+02
8.888115234375000000e+02
1.225751098632812500e+03
1.664599243164062500e+03
2.246777343750000000e+03
2.780080078125000000e+03
3.105260253906250000e+03
3.015992675781250000e+03
2.552805419921875000e+03
1.732444458007812500e+03
9.691893920898437500e+02
4.675359191894531250e+02
2.214432830810546875e+02
7.606559753417968750e+01
3.331792068481445312e+01
6.511575222015380859e+00
1.389410853385925293e+00
nan
nan
1.421916842460632324e+00
1.007569074630737305e+00
2.083008527755737305e+00
1.058044242858886719e+01
5.183418273925781250e+01
1.354992828369140625e+02
2.980147094726562500e+02
5.645073852539062500e+02
9.202659912109375000e+02
1.328728271484375000e+03
1.748531616210937500e+03
2.066280517578125000e+03
2.297668701171875000e+03
2.448322998046875000e+03
2.485977294921875000e+03
2.305774902343750000e+03
1.808349243164062500e+03
1.232385375976562500e+03
7.229112548828125000e+02
3.681828002929687500e+02
2.307280426025390625e+02
2.100178833007812500e+02
2.123951263427734375e+02
1.307661132812500000e+02
4.718171691894531250e+01
6.973402500152587891e+00
1.326221704483032227e+00
nan
nan
3.333189010620117188e+00
1.459382820129394531e+01
7.628076171875000000e+01
1.911159362792968750e+02
4.131446838378906250e+02
7.760463256835937500e+02
1.276589965820312500e+03
1.849163696289062500e+03
2.451725341796875000e+03
2.930950927734375000e+03
3.194810546875000000e+03
3.508703369140625000e+03
3.874279052734375000e+03
4.071754394531250000e+03
3.610484863281250000e+03
2.673933593750000000e+03
1.727866943359375000e+03
1.100019165039062500e+03
7.590109863281250000e+02
6.879755249023437500e+02
7.736405029296875000e+02
7.943073120117187500e+02
5.633751831054687500e+02
2.228318023681640625e+02
5.149155807495117188e+01
2.089954376220703125e+00
nan
2.647324562072753906e+00
5.508109092712402344e+00
5.020261001586914062e+01
1.632591400146484375e+02
3.437292175292968750e+02
6.683127441406250000e+02
1.113876098632812500e+03
1.609944946289062500e+03
1.992024169921875000e+03
2.289231445312500000e+03
2.483163818359375000e+03
2.576614013671875000e+03
2.772312988281250000e+03
3.142156738281250000e+03
3.420486328125000000e+03
3.183674804687500000e+03
2.669361083984375000e+03
2.173776123046875000e+03
1.757814331054687500e+03
1.441791015625000000e+03
1.271365234375000000e+03
1.299100219726562500e+03
1.380520141601562500e+03
1.130294677734375000e+03
5.259024658203125000e+02
1.222660369873046875e+02
9.992343902587890625e+00
1.388037919998168945e+00
6.676337718963623047e+00
3.619779586791992188e+01
9.951744842529296875e+01
2.560577697753906250e+02
4.521603393554687500e+02
7.299624023437500000e+02
9.463805541992187500e+02
1.068395263671875000e+03
1.098566040039062500e+03
1.125379516601562500e+03
1.228795410156250000e+03
1.362705444335937500e+03
1.465397216796875000e+03
1.682232666015625000e+03
1.878438720703125000e+03
1.815090087890625000e+03
1.670306152343750000e+03
1.683980957031250000e+03
1.706436035156250000e+03
1.598176635742187500e+03
1.430237060546875000e+03
1.344536499023437500e+03
1.443019165039062500e+03
1.418871093750000000e+03
7.796727294921875000e+02
1.700723266601562500e+02
9.051173210144042969e+00
1.311044931411743164e+00
2.051967430114746094e+01
1.310739593505859375e+02
2.878357543945312500e+02
4.620294189453125000e+02
7.037753906250000000e+02
8.824198608398437500e+02
9.696917724609375000e+02
9.693049316406250000e+02
1.083223266601562500e+03
1.452321289062500000e+03
2.037768432617187500e+03
2.341490478515625000e+03
1.913028198242187500e+03
1.646681030273437500e+03
1.783276245117187500e+03
1.788686645507812500e+03
1.723972290039062500e+03
1.829120361328125000e+03
1.997010375976562500e+03
1.961687744140625000e+03
1.668997436523437500e+03
1.351744628906250000e+03
1.179525146484375000e+03
1.180517578125000000e+03
7.582294311523437500e+02
1.466469879150390625e+02
7.867909908294677734e+00
2.905077934265136719e+00
3.238850402832031250e+01
2.115475921630859375e+02
4.433765869140625000e+02
6.957728881835937500e+02
9.523058471679687500e+02
1.040638061523437500e+03
1.127488281250000000e+03
1.336154418945312500e+03
1.942739257812500000e+03
2.873436523437500000e+03
3.545733886718750000e+03
2.895982177734375000e+03
1.709659790039062500e+03
1.594485839843750000e+03
2.200445556640625000e+03
2.023991088867187500e+03
1.951121337890625000e+03
2.254602294921875000e+03
2.407960205078125000e+03
2.347405273437500000e+03
2.160219482421875000e+03
1.725115600585937500e+03
1.104527221679687500e+03
7.213007812500000000e+02
4.902738342285156250e+02
9.569291687011718750e+01
6.423618793487548828e+00
2.775755643844604492e+00
3.909046936035156250e+01
2.156699371337890625e+02
4.528440246582031250e+02
6.896860961914062500e+02
8.097699584960937500e+02
8.577120361328125000e+02
1.090402587890625000e+03
1.677016723632812500e+03
2.733460449218750000e+03
3.632458984375000000e+03
3.334493408203125000e+03
1.971598266601562500e+03
9.007001342773437500e+02
1.780717407226562500e+03
3.012124511718750000e+03
1.978515747070312500e+03
2.029524047851562500e+03
2.821934082031250000e+03
2.702312255859375000e+03
2.480448242187500000e+03
2.739670654296875000e+03
2.666251953125000000e+03
1.628130615234375000e+03
4.551413574218750000e+02
2.077579498291015625e+02
4.890175247192382812e+01
5.406793117523193359e+00
4.146523952484130859e+00
3.288514709472656250e+01
1.659184112548828125e+02
3.285689086914062500e+02
4.512772521972656250e+02
4.781430358886718750e+02
6.885840454101562500e+02
1.277368164062500000e+03
2.293757324218750000e+03
3.466171142578125000e+03
3.709147949218750000e+03
2.949283203125000000e+03
1.868893920898437500e+03
1.433342163085937500e+03
4.072874755859375000e+03
4.594009277343750000e+03
1.957287841796875000e+03
2.458481201171875000e+03
3.493226074218750000e+03
2.541533935546875000e+03
2.220175048828125000e+03
3.307015136718750000e+03
3.929849365234375000e+03
2.632112548828125000e+03
6.480993041992187500e+02
6.798927307128906250e+01
2.200475311279296875e+01
1.161094665527343750e+00
2.343433618545532227e+00
1.920987510681152344e+01
9.222557067871093750e+01
1.665153045654296875e+02
2.293265228271484375e+02
3.883233947753906250e+02
9.249528808593750000e+02
1.906772949218750000e+03
3.146333496093750000e+03
3.987023437500000000e+03
3.706758789062500000e+03
3.401127441406250000e+03
3.290081054687500000e+03
3.728810058593750000e+03
7.134394042968750000e+03
4.838862792968750000e+03
2.039530883789062500e+03
3.326322509765625000e+03
3.454439208984375000e+03
1.873622802734375000e+03
1.856545043945312500e+03
3.791222167968750000e+03
4.981535156250000000e+03
3.345980468750000000e+03
9.101461791992187500e+02
2.505928039550781250e+01
6.893728733062744141e+00
1.231811285018920898e+00
1.278369188308715820e+00
5.143483161926269531e+00
4.179603576660156250e+01
8.017183685302734375e+01
1.613278961181640625e+02
6.148685302734375000e+02
1.526804565429687500e+03
2.839309814453125000e+03
4.071889892578125000e+03
4.399412109375000000e+03
3.699129150390625000e+03
3.648966552734375000e+03
4.061459716796875000e+03
5.117397460937500000e+03
7.012029785156250000e+03
4.097557617187500000e+03
2.656395263671875000e+03
4.503458984375000000e+03
3.051780029296875000e+03
1.413334228515625000e+03
1.915625732421875000e+03
4.244682617187500000e+03
5.121562988281250000e+03
3.255525878906250000e+03
9.279685668945312500e+02
4.243722915649414062e+01
1.469551277160644531e+01
3.477843046188354492e+00
1.629378914833068848e+00
1.503290772438049316e+00
1.814383506774902344e+01
4.415033340454101562e+01
1.911385345458984375e+02
1.059173339843750000e+03
2.343125488281250000e+03
3.816514648437500000e+03
4.786437011718750000e+03
4.523551757812500000e+03
3.401556396484375000e+03
2.912595214843750000e+03
2.974412597656250000e+03
4.620246582031250000e+03
5.792685546875000000e+03
3.351500244140625000e+03
3.818054687500000000e+03
5.329663574218750000e+03
2.810054687500000000e+03
1.469830322265625000e+03
2.338270019531250000e+03
4.235285156250000000e+03
4.386255859375000000e+03
2.670727539062500000e+03
8.373997802734375000e+02
7.497237396240234375e+01
3.821585083007812500e+01
4.298242092132568359e+00
1.561919927597045898e+00
1.413385510444641113e+00
6.871279716491699219e+00
3.115506935119628906e+01
2.738405456542968750e+02
1.561188476562500000e+03
3.017674316406250000e+03
4.310538574218750000e+03
4.851822265625000000e+03
4.352333496093750000e+03
3.439069091796875000e+03
2.940293457031250000e+03
3.071128906250000000e+03
5.136349121093750000e+03
5.523645996093750000e+03
3.125343994140625000e+03
4.572205078125000000e+03
4.625535644531250000e+03
2.289830566406250000e+03
1.747398193359375000e+03
2.798892822265625000e+03
3.831203369140625000e+03
3.360605712890625000e+03
1.982626708984375000e+03
6.328505859375000000e+02
1.171928710937500000e+02
5.283274841308593750e+01
7.165534973144531250e+00
1.388037681579589844e+00
2.656554698944091797e+00
2.240889358520507812e+01
3.882627868652343750e+01
3.637182617187500000e+02
1.929499633789062500e+03
3.363997070312500000e+03
4.261448242187500000e+03
4.232232421875000000e+03
3.847087646484375000e+03
3.581598632812500000e+03
3.510638183593750000e+03
4.051350830078125000e+03
5.791184570312500000e+03
4.976739257812500000e+03
3.205131591796875000e+03
4.356756347656250000e+03
2.986116699218750000e+03
1.635106567382812500e+03
2.134506103515625000e+03
3.154307128906250000e+03
3.262483398437500000e+03
2.388095458984375000e+03
1.292246459960937500e+03
4.574358825683593750e+02
2.172478942871093750e+02
7.643072509765625000e+01
6.566369056701660156e+00
nan
2.369349718093872070e+00
3.208921051025390625e+01
1.241312789916992188e+02
5.162216796875000000e+02
2.163804931640625000e+03
3.623109130859375000e+03
4.276759765625000000e+03
3.845365966796875000e+03
3.630385986328125000e+03
3.899833496093750000e+03
4.024718505859375000e+03
4.333875488281250000e+03
5.075309082031250000e+03
3.683236083984375000e+03
2.760911132812500000e+03
2.803733154296875000e+03
1.520731445312500000e+03
1.568131958007812500e+03
2.872632324218750000e+03
3.351768798828125000e+03
2.644095214843750000e+03
1.678258056640625000e+03
8.794123535156250000e+02
5.130925292968750000e+02
3.809170227050781250e+02
9.047859954833984375e+01
5.963312149047851562e+00
1.245522022247314453e+00
2.104861259460449219e+00
6.370558166503906250e+01
2.486465301513671875e+02
6.720003662109375000e+02
2.206457763671875000e+03
3.804410400390625000e+03
4.545355468750000000e+03
4.176007812500000000e+03
4.350064941406250000e+03
5.223015625000000000e+03
4.965547851562500000e+03
4.263416503906250000e+03
3.793631347656250000e+03
2.402849609375000000e+03
1.614368652343750000e+03
1.283099853515625000e+03
1.322301513671875000e+03
2.482659423828125000e+03
3.493203613281250000e+03
2.999638183593750000e+03
2.043133789062500000e+03
1.305158203125000000e+03
9.382697753906250000e+02
8.192161865234375000e+02
4.692320556640625000e+02
6.875626373291015625e+01
4.088680267333984375e+00
1.278369188308715820e+00
3.438151597976684570e+00
9.178660583496093750e+01
3.547829284667968750e+02
7.949279174804687500e+02
2.049901123046875000e+03
3.722121337890625000e+03
4.789456054687500000e+03
4.693826660156250000e+03
4.839687011718750000e+03
5.484234863281250000e+03
4.962543945312500000e+03
3.641544677734375000e+03
2.536585449218750000e+03
1.406598876953125000e+03
8.215231933593750000e+02
1.114379272460937500e+03
2.153954101562500000e+03
3.111954101562500000e+03
3.048618896484375000e+03
2.308478515625000000e+03
1.691912231445312500e+03
1.323738159179687500e+03
1.225402587890625000e+03
1.017621948242187500e+03
4.587439270019531250e+02
6.454414367675781250e+01
2.556242942810058594e+00
nan
5.623891830444335938e+00
1.054782333374023438e+02
4.270442504882812500e+02
8.590537719726562500e+02
1.759395263671875000e+03
3.256644287109375000e+03
4.637757812500000000e+03
5.112949218750000000e+03
4.725321777343750000e+03
4.122316406250000000e+03
3.422465576171875000e+03
2.476450439453125000e+03
1.632448242187500000e+03
9.821519775390625000e+02
8.704929809570312500e+02
1.552134765625000000e+03
2.324187500000000000e+03
2.428641845703125000e+03
2.013047729492187500e+03
1.654270507812500000e+03
1.442030395507812500e+03
1.339351196289062500e+03
1.277645507812500000e+03
9.202451171875000000e+02
3.187219543457031250e+02
4.461125183105468750e+01
1.288594245910644531e+00
1.278369188308715820e+00
4.879086017608642578e+00
8.981874847412109375e+01
3.709080200195312500e+02
7.610051879882812500e+02
1.333331054687500000e+03
2.397621093750000000e+03
3.811663818359375000e+03
4.875627441406250000e+03
4.699168457031250000e+03
3.377608398437500000e+03
2.025242309570312500e+03
1.216889770507812500e+03
8.799343261718750000e+02
7.988721313476562500e+02
1.023817138671875000e+03
1.463291015625000000e+03
1.643956298828125000e+03
1.441995483398437500e+03
1.181850952148437500e+03
1.049354736328125000e+03
1.050753051757812500e+03
1.048320678710937500e+03
9.504780273437500000e+02
5.903681030273437500e+02
1.726798248291015625e+02
1.608483695983886719e+01
1.477542519569396973e+00
1.278369426727294922e+00
2.102901458740234375e+00
6.920476531982421875e+01
2.531426696777343750e+02
5.310942382812500000e+02
8.280659179687500000e+02
1.446246826171875000e+03
2.333922119140625000e+03
3.309279541015625000e+03
3.935747558593750000e+03
3.711213134765625000e+03
2.939770263671875000e+03
2.266409912109375000e+03
1.957636840820312500e+03
1.773613159179687500e+03
1.618000732421875000e+03
1.429490722656250000e+03
1.151378540039062500e+03
8.311569824218750000e+02
5.893721923828125000e+02
5.223026123046875000e+02
5.644777832031250000e+02
5.804918212890625000e+02
4.699854125976562500e+02
2.604291381835937500e+02
6.378387832641601562e+01
1.790429115295410156e+00
1.477542757987976074e+00
nan
nan
4.001156234741210938e+01
1.404833221435546875e+02
2.907718811035156250e+02
4.177460632324218750e+02
6.450945434570312500e+02
1.000598083496093750e+03
1.466030639648437500e+03
2.010055908203125000e+03
2.564080322265625000e+03
3.081898925781250000e+03
3.322271240234375000e+03
3.033292236328125000e+03
2.279537353515625000e+03
1.564378784179687500e+03
1.067256347656250000e+03
7.710516967773437500e+02
5.352753295898437500e+02
3.628899536132812500e+02
2.637991027832031250e+02
2.192556915283203125e+02
1.781066284179687500e+02
1.179340515136718750e+02
4.216633987426757812e+01
7.195212841033935547e+00
1.988629579544067383e+00
nan
nan
nan
7.144700050354003906e+00
4.903554153442382812e+01
1.126383132934570312e+02
1.662156677246093750e+02
2.372201995849609375e+02
3.520199890136718750e+02
5.506469116210937500e+02
8.299780273437500000e+02
1.197243041992187500e+03
1.554241455078125000e+03
1.772148559570312500e+03
1.659005371093750000e+03
1.320219848632812500e+03
1.029998291015625000e+03
8.744157714843750000e+02
8.061825561523437500e+02
6.902328491210937500e+02
5.098232421875000000e+02
3.450321655273437500e+02
1.791258239746093750e+02
8.806753540039062500e+01
4.673258590698242188e+01
1.141857147216796875e+01
3.203811168670654297e+00
1.404215931892395020e+00
nan
nan
nan
1.813486814498901367e+00
3.697357654571533203e+00
1.997032165527343750e+01
7.648745727539062500e+01
2.138044891357421875e+02
4.848845825195312500e+02
8.796716918945312500e+02
1.382546264648437500e+03
1.975504638671875000e+03
2.488291259765625000e+03
2.671510253906250000e+03
2.443694335937500000e+03
2.016583496093750000e+03
1.602004760742187500e+03
1.301523437500000000e+03
1.088020751953125000e+03
8.243005371093750000e+02
5.668233032226562500e+02
3.698131103515625000e+02
1.916408691406250000e+02
7.895578002929687500e+01
3.264948272705078125e+01
6.982312679290771484e+00
1.318681716918945312e+00
1.467910647392272949e+00
nan
nan
nan
nan
1.470376610755920410e+00
7.889595031738281250e+00
4.478961563110351562e+01
1.609936370849609375e+02
4.021486511230468750e+02
7.318925170898437500e+02
1.070774414062500000e+03
1.450767578125000000e+03
1.737810668945312500e+03
1.809227539062500000e+03
1.722233276367187500e+03
1.453281982421875000e+03
1.101209106445312500e+03
7.551679687500000000e+02
5.052804870605468750e+02
3.159248962402343750e+02
1.999545745849609375e+02
1.265792922973632812e+02
5.293509674072265625e+01
1.513734912872314453e+01
4.932793617248535156e+00
1.436430931091308594e+00
1.388037919998168945e+00
nan
nan
nan
nan
nan
nan
2.792478084564208984e+00
6.830537796020507812e+00
2.060631370544433594e+01
3.709939193725585938e+01
5.642206573486328125e+01
7.913889312744140625e+01
1.446307525634765625e+02
1.704590606689453125e+02
2.136598052978515625e+02
2.561354064941406250e+02
2.747216796875000000e+02
2.500422668457031250e+02
2.043478240966796875e+02
1.398604888916015625e+02
7.717923736572265625e+01
2.665983963012695312e+01
1.011548042297363281e+01
5.046866416931152344e+00
4.147698402404785156e+00
2.773436307907104492e+00
nan
nan
nan
nan
