4.354657171504472402e-02
4.898105012621334353e-02
5.114103501596289902e-02
4.722591227519190582e-02
4.574811581584370401e-02
4.478295476271076936e-02
4.336095513049009753e-02
4.149376448582486887e-02
4.368693349227381617e-02
4.221034733022843710e-02
5.266519091326182789e-02
4.133801707855289109e-02
4.528142740407714584e-02
4.507372167060363921e-02
4.698587849261670613e-02
4.008501251376728192e-02
3.756821744084071213e-02
4.694891555414981710e-02
4.064061520836581565e-02
4.339442471351695474e-02
4.018929035471296984e-02
4.152944404413316803e-02
4.128501898568259776e-02
3.869810847133647869e-02
4.172660496334446023e-02
4.444941359830290040e-02
4.578739883815785561e-02
4.401740542405407908e-02
4.169928662711486211e-02
4.545488671112085655e-02
4.054704368780415180e-02
4.030669043904300253e-02
4.852222319987564703e-02
5.071156530335940715e-02
4.331998141403214930e-02
3.797592135456406837e-02
3.970385407908016973e-02
4.215750831292597312e-02
4.108307785061393602e-02
3.596489771988853335e-02
4.150566517167098013e-02
4.105657258709616286e-02
3.660591095048104648e-02
3.626688615459450205e-02
3.851761804211983886e-02
4.071647880443940437e-02
3.536549612830253153e-02
4.115718576278926122e-02
3.375005492624616465e-02
3.226029126645224565e-02
3.718704448529619455e-02
4.238587684887207274e-02
3.643812867220219687e-02
4.118737888343426690e-02
3.903345313041040043e-02
3.797002625802692322e-02
4.260110331407407358e-02
4.061088574852700361e-02
5.002325047586175799e-02
4.359343549929528550e-02
4.328980654651104487e-02
4.127730079270053309e-02
4.417018391382043774e-02
3.945565015769814110e-02
4.120412850565147167e-02
4.579791524455512075e-02
4.383696996208552576e-02
4.142389484208530703e-02
3.979710687552762138e-02
4.722457427301041122e-02
3.915593014213003542e-02
4.076294515126477336e-02
3.434401686160404310e-02
3.963016637628147265e-02
3.376558460179923671e-02
3.353573575512136529e-02
3.854809385771318375e-02
2.609860683804710035e-02
3.440418637524889078e-02
2.589623871873580896e-02
3.720542646172697587e-02
3.298236037968038659e-02
3.726430840032479708e-02
3.355359453072903619e-02
3.649594785812215747e-02
4.055998996845433524e-02
3.700954130650835339e-02
3.531165166046035253e-02
3.580608044288036140e-02
3.395110686717162096e-02
4.384382469277170458e-02
4.350955119652688552e-02
4.425836084528800285e-02
3.780765670972385806e-02
4.351455881261134806e-02
4.332444561232140501e-02
4.345175700751147119e-02
3.616129314870963896e-02
4.034407148521834685e-02
3.933526374158047290e-02
4.427749166789363144e-02
3.590353834228743324e-02
3.886263052073379853e-02
3.441505341897199699e-02
3.394019600937703274e-02
3.052160882765875272e-02
3.241394071371317409e-02
2.484117875966429523e-02
2.588344914040341394e-02
2.596934630824687673e-02
2.973185393284616396e-02
2.428671977974561358e-02
2.754428796004804170e-02
2.387261205877821979e-02
2.667705418312005250e-02
2.495484909881051649e-02
3.213722092691551069e-02
3.012268077842161773e-02
2.961401675008135115e-02
3.496785629143150942e-02
3.345425904611376566e-02
3.900974115876376658e-02
3.124024493198751529e-02
4.099329009405927593e-02
2.891443376610469684e-02
3.182499462393950651e-02
3.963346105635823236e-02
3.308932695264443780e-02
3.492920926581177810e-02
3.943544375505636523e-02
4.091973524738756751e-02
3.491010886899559296e-02
3.645390581056950907e-02
3.241896747002215307e-02
3.314421389194466272e-02
2.758797130824275357e-02
2.642047301527039593e-02
2.694616227788104723e-02
2.731794160395084603e-02
2.567486717523959072e-02
2.696481124662630791e-02
2.576965084089399838e-02
1.892442624936441220e-02
2.093392764456059041e-02
2.770945007605085664e-02
2.077103423174975205e-02
2.203914036273380006e-02
2.314984505318351538e-02
2.488052056102985077e-02
2.723480647578879754e-02
2.526358289821217795e-02
3.046755746585771973e-02
2.941696442362662367e-02
2.910168175233041055e-02
3.966217706992258840e-02
2.912971202448311203e-02
2.880913820585195850e-02
3.761986651419979566e-02
3.467000844894485567e-02
3.391506069031757775e-02
3.275072970002268491e-02
3.336662144875290892e-02
2.964671640229132876e-02
2.922434081683888962e-02
2.825001193068299443e-02
3.005928766196985791e-02
3.336432880535467049e-02
2.808963059679880914e-02
2.455937621824411110e-02
2.758593336432202392e-02
2.019490060632378459e-02
2.863320966930782419e-02
2.260502639590145080e-02
2.618072538005788985e-02
2.437957488466757638e-02
2.333533586143721195e-02
2.116172907037494610e-02
2.297930557104166382e-02
2.403772826450323308e-02
2.130640483159762510e-02
2.868348777868812149e-02
2.430356931182409141e-02
2.324042129697190262e-02
2.022094397721607706e-02
2.308849508502763825e-02
3.190385645003956938e-02
2.501738327071389989e-02
2.275022901236356532e-02
3.030585339554336954e-02
3.232187833450250736e-02
3.402682533510414942e-02
3.574713965943088212e-02
2.735652395376098056e-02
2.839856519292638382e-02
2.932076216071211050e-02
2.921249310525109166e-02
3.133349938365714848e-02
3.143973883930195612e-02
2.489760715554734105e-02
2.430845996185704294e-02
2.567563475828071873e-02
1.745886928895279411e-02
2.131558141802347706e-02
2.236977242209370331e-02
2.531421225683194720e-02
3.066040157366112240e-02
2.122943384101461106e-02
2.186537026673640582e-02
2.770977523524376096e-02
2.193268696669514739e-02
2.359246942431969529e-02
1.798748016320272924e-02
1.924110214951602060e-02
1.833797503501477522e-02
2.230958082099299133e-02
2.819378124173121947e-02
2.169790136343729969e-02
2.346322654806565211e-02
2.688798276934845077e-02
2.916503274240245247e-02
2.779188975969137942e-02
2.665786870674891063e-02
3.053321763613503492e-02
2.729904959865248060e-02
3.321464623311731756e-02
2.424559860478403550e-02
2.781057236152628676e-02
2.316552014747275123e-02
2.858111875117197442e-02
2.428424360660974557e-02
2.464647230626626495e-02
2.489307835248544265e-02
1.963411236764445178e-02
1.902356692428197604e-02
1.696423327967222505e-02
2.494654856641798091e-02
2.273770192225876841e-02
2.359672762743914021e-02
1.913782627869498043e-02
2.091241655234776786e-02
2.195553816067485897e-02
1.776549250700476534e-02
2.598361534081172763e-02
2.513233570907003056e-02
1.774728609916831346e-02
1.938198255365231049e-02
2.004374193249480740e-02
2.064310778116063005e-02
1.708897114927054872e-02
2.053998281763247391e-02
1.857654540957165423e-02
2.413501901964609786e-02
2.196190970137212872e-02
2.480358056382669929e-02
2.316451817869280561e-02
2.780732904011884443e-02
2.635418634252939540e-02
1.880535414453632370e-02
2.662215463723294206e-02
2.601754456042648656e-02
2.330144916262000265e-02
2.205815272564093377e-02
2.600278373579767432e-02
2.024159897368971173e-02
2.145669243689374284e-02
1.761305719539851822e-02
2.157644977086903282e-02
2.265465658133525295e-02
2.197919314820451220e-02
2.205614777086140066e-02
1.798913504596599822e-02
2.345089388729348912e-02
2.476629815012554303e-02
1.359021901205625937e-02
1.952076762791987719e-02
2.009749877157007703e-02
1.901171323381278810e-02
2.702721046392442261e-02
1.923074423176807102e-02
1.609370480056426800e-02
2.375778135135053759e-02
1.920419211519508451e-02
2.242116044621944582e-02
2.351243483346321383e-02
1.821073239242032571e-02
1.394502955344867345e-02
2.682976695391126043e-02
1.952289716861166369e-02
2.330688543764569687e-02
2.610720567266433534e-02
2.210993849096709596e-02
2.231763273739062470e-02
2.291699071866970527e-02
1.931357814694134589e-02
1.275191274359199767e-02
1.006028636458289327e-02
1.516862933996154794e-02
1.788823532483929668e-02
1.700512841027501665e-02
1.613359081428455966e-02
1.544881201995718101e-02
1.890840227988421773e-02
2.677878178972026291e-02
2.523074623293286578e-02
1.728146573347899562e-02
2.037525253224670152e-02
1.993953228579670167e-02
2.660948248453154363e-02
1.676434225565781588e-02
1.920353401126417836e-02
2.139538793260387095e-02
2.061103744880998789e-02
1.544959945262336376e-02
1.638600865043038368e-02
2.084856817776614690e-02
1.798734818535985269e-02
1.821397961552762013e-02
2.135822509946505576e-02
2.456396603331878481e-02
2.198291791334927581e-02
2.511464207607039256e-02
2.279694091706252479e-02
2.109444189746945142e-02
1.461778818731929164e-02
1.931691409599700648e-02
8.865606888827315402e-03
1.179276054840849852e-02
1.664384415419872809e-02
1.415699942859616201e-02
1.210410610800183306e-02
1.492226279935282562e-02
1.770493143802287506e-02
1.979127944708292119e-02
1.940661101079976802e-02
2.497248615332603450e-02
2.460046949891880885e-02
1.864062749726791424e-02
1.550997139066723207e-02
2.094535028693833567e-02
1.493872660510309203e-02
1.622551162227647836e-02
1.477987039280925785e-02
1.398546135664924250e-02
1.372020652652983230e-02
1.182409139207374338e-02
1.706081652184199271e-02
1.947578382093739791e-02
1.740825384564859135e-02
1.731661282855068151e-02
1.356409169075201149e-02
1.869117093634997673e-02
1.767357488769638607e-02
2.216558194764095546e-02
2.173987978929625697e-02
1.495126739223850976e-02
1.921122370953742831e-02
1.472945455162166795e-02
1.130141254273553386e-02
1.511498021238910638e-02
1.543771394514514839e-02
1.869484359313533517e-02
1.055076757762840600e-02
1.192319143921283242e-02
1.810520230283341192e-02
1.486674065370374720e-02
1.941762556432946596e-02
1.910571255500848054e-02
2.184034940364165678e-02
2.180305607822097258e-02
2.754427783728408130e-02
1.689511371548357843e-02
1.906239229229411691e-02
2.063624748748038584e-02
1.309848922785494807e-02
1.323410824038884215e-02
1.393760476163219408e-02
7.093086978825269284e-03
1.192136282060962671e-02
1.013785773865949480e-02
1.654586235748212175e-02
1.267864224485126812e-02
1.564336717205039307e-02
1.372290790865449139e-02
1.686975170749560604e-02
1.715471818467939613e-02
1.362276232374792784e-02
1.555274617799229375e-02
1.112816861441201510e-02
6.279943197915027753e-03
8.600449690212563780e-03
9.234387799291976506e-03
8.869474119238773824e-03
1.049592561958334613e-02
1.384607127124759529e-02
1.103581430229727545e-02
1.969646099484245738e-02
1.503160904130851350e-02
1.958623745008969408e-02
2.005363177878383141e-02
2.161364249070185650e-02
1.676838453734186274e-02
2.356133954566708155e-02
1.528895303575739106e-02
1.715613492935474937e-02
1.303771755834093327e-02
1.139539968574743156e-02
1.299960875961003737e-02
1.098713752270041866e-02
1.550992170478293630e-02
1.166559547340328962e-02
1.410619160454995580e-02
1.196141051154775425e-02
1.431189033450763759e-02
1.654087578230045708e-02
1.500437344892313618e-02
1.464477513858319924e-02
1.316187144127622943e-02
1.490494271587072816e-02
1.473044187057492849e-02
1.195114083196724408e-02
1.375981593146180515e-02
1.541508130790703035e-02
1.285373018268165524e-02
1.529905026265376833e-02
1.420426632775884102e-02
1.525731339196223502e-02
1.325979098279850277e-02
2.064925923939986419e-02
1.923208172033330499e-02
1.777420924493711141e-02
2.207610535314019629e-02
1.836814353926463639e-02
1.686784604797519904e-02
1.838243101181769035e-02
2.497334406471551915e-02
2.329083746543769706e-02
1.564589887797662726e-02
1.436362415186209773e-02
1.275529745600545439e-02
6.314822999672120574e-03
1.339093543217018123e-02
7.095853700792797980e-03
1.828310868360061292e-02
1.150749713840104604e-02
1.482510710999296322e-02
1.165165017641456302e-02
9.814572461155357530e-03
1.493821269157491471e-02
1.649006808706454663e-02
1.416121609364839884e-02
1.789996223581002965e-02
1.243873332778955287e-02
9.876827560028278441e-03
1.101805703881764131e-02
1.147097113079587061e-02
1.227541679560717469e-02
1.364569739093113299e-02
1.336555856119003849e-02
1.520067164893479372e-02
2.232008686635911232e-02
1.715936330258882592e-02
2.390298867223927815e-02
1.899013975267260790e-02
1.866660982765289134e-02
2.263538174783663592e-02
2.100090847625413204e-02
1.645256389162064181e-02
2.206096038863103459e-02
1.701437901957092436e-02
1.473059209757643373e-02
1.287257178545120340e-02
1.994281997685920516e-02
1.102571043663047590e-02
2.789883891449296272e-03
7.683456566542457011e-03
8.874039100889685727e-03
9.012322757513846483e-03
8.257741905988158493e-03
1.159792635490219936e-02
1.147625407114638563e-02
1.558242703426016007e-02
1.135053717424128195e-02
1.190704512798612669e-02
6.897586321987780877e-03
1.111870589283858735e-02
9.050129128531647638e-03
5.826076183391037944e-03
9.911614542172042519e-03
7.602214552419273019e-03
1.671688972362828096e-02
1.742220329698707104e-02
1.162278156586760147e-02
2.082385193181313099e-02
2.289927763019594664e-02
2.492549748387018482e-02
3.105239290969219468e-02
2.934182959859565898e-02
2.501223887181236449e-02
1.954661820249947723e-02
1.595834328685752368e-02
1.692022732466202939e-02
8.697812764712598010e-03
1.585309132079570915e-02
1.272840931055707614e-02
1.110832183311183385e-02
8.462116961634347234e-03
3.643624736284323262e-03
8.361451860318336315e-03
6.462808276574527611e-03
1.272211985982529825e-02
7.294533187585550138e-03
1.300748339505997109e-02
1.689817017476080707e-02
1.392836009625897375e-02
1.047867193542462161e-02
1.267203306566822008e-02
4.127198091870898367e-03
1.064108559122667330e-02
1.362511218818696079e-02
9.975736620209119110e-03
5.623376178455874452e-03
9.722323888332606856e-03
1.434069510264768255e-02
1.771344200940294655e-02
1.896540512889188790e-02
2.262926271171616932e-02
2.197856622839378105e-02
2.557009642029228758e-02
2.728121065824540281e-02
2.093139281048772560e-02
1.951225748472351640e-02
1.788695886984559280e-02
2.076582472122456835e-02
1.630251048225428434e-02
1.050147687133851093e-02
1.194893205706115680e-02
9.152119908684586136e-03
8.590370380236134196e-03
1.024373223397168076e-02
6.536100821832757646e-03
8.383160012103374470e-03
7.226756699184377908e-03
9.848208470272457049e-03
1.311404977627539381e-02
7.600168427658093862e-03
9.639989212971045163e-03
1.223256697141605898e-02
6.910316403621497017e-03
1.296126875116243582e-02
7.832985848553519759e-03
9.695636711134270058e-03
1.075191405576214621e-02
7.458452283969574381e-03
1.545343063244386528e-02
1.359496406628268872e-02
1.652903091534785318e-02
1.734959382404888117e-02
1.922420774411071065e-02
2.185912074448026488e-02
2.688672923069601595e-02
2.689651612332344399e-02
3.224161707728212534e-02
2.490526128840908626e-02
2.420222586620379701e-02
1.913335557026041300e-02
1.285657754137536912e-02
1.218119621128854746e-02
9.923200959154332423e-03
1.253458663157092090e-02
6.131572403965446227e-03
7.634229932442337940e-03
1.487516448976400341e-02
6.288904840912046268e-03
9.912973404710534453e-03
9.820667159522233902e-03
1.413483477231602947e-02
1.396070118885939237e-02
1.314034100787386805e-02
8.341607434918074659e-03
7.054823620641581527e-03
1.112696705629767635e-02
1.375220750222627686e-02
9.385543263081608245e-03
5.961282573786697014e-03
1.254305312812054041e-02
1.183819034851429919e-02
1.772182380377618216e-02
1.915723538131786086e-02
2.083447120726766855e-02
1.822166452660711755e-02
2.857434145943793524e-02
2.540043815896231294e-02
2.375489594614155209e-02
1.855365055709290445e-02
1.611267147739869898e-02
2.186293896522029101e-02
1.566121122760977258e-02
1.564454342400667386e-02
7.257713730893122772e-03
8.959265056133869365e-03
9.478298655515082771e-03
6.781887944864894990e-03
7.557680838114144706e-03
1.434600226816318269e-02
1.006605118068204519e-02
1.491666189329254877e-02
7.027568722751897923e-03
8.028222299960585673e-03
2.034128810554935995e-02
1.614273101015095691e-02
8.369448421642111668e-03
1.184556636057898515e-02
1.386523054317256864e-02
1.172823960871172133e-02
1.246335505859175186e-02
1.467628474055393539e-02
7.793334077666802528e-03
1.856673236583139541e-02
1.154013273442355825e-02
2.028872267614145741e-02
2.095700833032587695e-02
2.910533992392227987e-02
2.244841182997614482e-02
2.003403767658618051e-02
2.869257728540253183e-02
2.032798947201186479e-02
1.594860417795285201e-02
2.125734431543602199e-02
1.272749668197326045e-02
2.042892989978328799e-02
1.949837179764157824e-02
1.939559685920277943e-02
1.608946867673699543e-02
1.470840557517805181e-02
1.761840415664606141e-02
1.202635191812673199e-02
1.499548495822367045e-02
1.074482733902470954e-02
1.828258727644582748e-02
1.018003445463699919e-02
1.767029930160113338e-02
1.494118242906328220e-02
1.689052211804575876e-02
1.501670103926810995e-02
1.834643250469980558e-02
1.890548391618951385e-02
2.047794073177744423e-02
1.748184141193309671e-02
1.879193670138024075e-02
1.766062771507748153e-02
1.560085465378913128e-02
2.329201981031481239e-02
2.141521451435757228e-02
2.145072954273752330e-02
2.054309541546261997e-02
2.842004223526073403e-02
2.518872350293754891e-02
1.950710115076415008e-02
2.245219240419782381e-02
1.890454549643427740e-02
2.242125548789175582e-02
1.941473058387677142e-02
1.650750678848167396e-02
1.792038452835154061e-02
2.320608097439036399e-02
2.036940307491263980e-02
2.253646712415990905e-02
1.980439987990267880e-02
1.594772443738845524e-02
1.733652604810176356e-02
1.704233400193588821e-02
1.221200156650947832e-02
1.020671737110578903e-02
1.937393697237022039e-02
1.862940438489912864e-02
1.645392756807639856e-02
2.173794323305511256e-02
1.934179702192739825e-02
2.355968604658187360e-02
2.274933857994065889e-02
3.037549270925765654e-02
2.232200523936489489e-02
2.525207851749389221e-02
2.362458246178844590e-02
2.711305275075259758e-02
2.690974582301519646e-02
2.363465224436822609e-02
3.064122931845103537e-02
2.572993771219467263e-02
2.838248981121793690e-02
3.197653795408461619e-02
3.071980673958396579e-02
2.599669203498988779e-02
2.653497616203637222e-02
2.879240018969930759e-02
2.716178164845173271e-02
2.341478388578543957e-02
2.486693360211456039e-02
2.812498986529776701e-02
2.872857357282043722e-02
1.967871784240049493e-02
1.379140196856321054e-02
1.078837636857565840e-02
1.590717118481421721e-02
1.463203864096795925e-02
1.602013306709793028e-02
1.133507961187030233e-02
1.862495214930914855e-02
2.228595775111319455e-02
2.505055596160943310e-02
3.128100724919047337e-02
3.130662436605291532e-02
2.672352488281282135e-02
2.953766355583997694e-02
3.283314787838742532e-02
3.988375452080239469e-02
3.742419740439784093e-02
3.525533148480120005e-02
3.009937787201044657e-02
3.968347534645255692e-02
3.645348464118747245e-02
3.734543488867370087e-02
3.239861230739027320e-02
2.661628729530152171e-02
3.272714939992971139e-02
3.091943074780312273e-02
2.910624838009256976e-02
4.064879675875809895e-02
2.686396681039981971e-02
2.896019678301842148e-02
2.220246486458155033e-02
2.590849384280824452e-02
1.637049821508274050e-02
2.037937205644135830e-02
1.462146511739126353e-02
1.561378657286160987e-02
1.591534599887944879e-02
1.613717688928284488e-02
1.539260934673025716e-02
2.636181886675137420e-02
2.721395061425502249e-02
2.545017041004182801e-02
3.012710440547250457e-02
3.595732541431884144e-02
3.917411456738140174e-02
3.890246251377060815e-02
4.241130759735867173e-02
4.238012313104899675e-02
4.512920784378993133e-02
4.426219816334686641e-02
4.297105182067939566e-02
4.120098903029090209e-02
3.775048124268032268e-02
3.898106996617700659e-02
3.964828262959096961e-02
3.922016183329812833e-02
3.748096492585162309e-02
4.294233634323685322e-02
4.470308568815628547e-02
3.959823305657206305e-02
4.049494931717489976e-02
4.525008839097610647e-02
3.201129670429070373e-02
3.347644693389195680e-02
2.471664853149579955e-02
2.359070869275381455e-02
1.644980636542392460e-02
1.680540802004815149e-02
1.675297318247981337e-02
1.579606187476745305e-02
2.206715821405413891e-02
2.458102050102128899e-02
2.383574216538031365e-02
3.348289428001516299e-02
4.004695058639340388e-02
4.147611512817972468e-02
4.226992471019119790e-02
4.629740144103688948e-02
4.575750200459882677e-02
4.855146510294838791e-02
4.702710531883136369e-02
4.815025852997401046e-02
4.736556856935392190e-02
5.062880555434601249e-02
4.511771440621625828e-02
4.667642408316918790e-02
4.398515377446354790e-02
5.072541310928979641e-02
4.827283979382679391e-02
4.395403574294620697e-02
4.830773353052686403e-02
4.457560736526122724e-02
4.611487307650508072e-02
4.133712020365853945e-02
3.468549392520081653e-02
3.046550356957222760e-02
2.688860187979624783e-02
1.744948321494588228e-02
1.997080130679096399e-02
1.991398714030401251e-02
1.811591283873426050e-02
1.871156260699446960e-02
2.204028163389626371e-02
2.336899254567370576e-02
2.744047958239947960e-02
3.126258556717464998e-02
4.124148345337141919e-02
3.672042955250809371e-02
4.870664511458056012e-02
4.892255953597990370e-02
5.606395743997572012e-02
5.115308132639695415e-02
5.742893158212725169e-02
5.626636842249954640e-02
5.303732436921260174e-02
4.659218752956917342e-02
5.107000669989458785e-02
5.234585717222461909e-02
5.666529617702309451e-02
5.032959449995377810e-02
5.473514585390315546e-02
4.557133217965558813e-02
4.648367421902444008e-02
4.607684354913565983e-02
4.305246367601744950e-02
4.346173930785957040e-02
4.004682008280280314e-02
3.062735779077607745e-02
2.807030826373857479e-02
2.091367871575178228e-02
2.396669430212883256e-02
1.819828617629104528e-02
1.663047612742118986e-02
1.539112463179304058e-02
2.410539573591208296e-02
2.669648660508538995e-02
3.171227856458136429e-02
3.171070191578628794e-02
3.863882277134811360e-02
4.228076477765663199e-02
4.698346177530154932e-02
5.080930505926550822e-02
5.381575463459320474e-02
5.716464185521896724e-02
5.208547425181420110e-02
5.323134188718992021e-02
5.698261327611886529e-02
5.674151438767038869e-02
5.288456290340581845e-02
5.127501775589049515e-02
5.374560872024192193e-02
5.663496027621883755e-02
5.557567033268151491e-02
5.251385543953368540e-02
5.489701951479686315e-02
4.096718803484389326e-02
4.670589452085005533e-02
4.087743635105711704e-02
3.029536238225860600e-02
2.686352441188333273e-02
3.309072929049827749e-02
2.099233793142740723e-02
1.629547949207399427e-02
1.853780540392868659e-02
1.858566620834967154e-02
2.493738906608067296e-02
2.045633369136234947e-02
3.132279912449575932e-02
3.235121387088746303e-02
3.383695892510774073e-02
3.788895682886783689e-02
4.396009801502076542e-02
4.746344596581719699e-02
4.436513506173112020e-02
5.054422316623430333e-02
5.143572404460838854e-02
5.508142740618016120e-02
5.741162907192620679e-02
5.742464165701788303e-02
5.511818790302536186e-02
5.000879397044277752e-02
5.354091568816699009e-02
5.316999917843689971e-02
5.850270818224156955e-02
5.868105315252103438e-02
5.622747697983410120e-02
4.525149850155818498e-02
4.425672016749482296e-02
3.918374226643850378e-02
3.901990566281909878e-02
3.083097277821833515e-02
3.036026003365543957e-02
2.697860641796934189e-02
1.914570227899314858e-02
2.477200305455484752e-02
2.348103704879589415e-02
2.583014251060822275e-02
2.448808598907570300e-02
2.519762769824440696e-02
2.131588847808174592e-02
3.032872520632645674e-02
3.508811293247182661e-02
3.667342521649175069e-02
3.448165771226463505e-02
4.064675688605667858e-02
4.470648101090946014e-02
5.037153311172115622e-02
4.583045237343075229e-02
5.320552179656123926e-02
4.953355533006620348e-02
4.935626741303744680e-02
5.631942470321105176e-02
5.083897664449255061e-02
4.709816700357638553e-02
5.128400723620973878e-02
5.159512895886475548e-02
4.342680012898547659e-02
4.294429672237276563e-02
4.104190857267564496e-02
4.149882863771958696e-02
3.468305791948189665e-02
3.698389687325009945e-02
3.279044642765027717e-02
2.930934940564489111e-02
2.688123990127611052e-02
2.340849736819139437e-02
2.564362870331082789e-02
2.274412903131661778e-02
3.063214050915918918e-02
2.350922727309301408e-02
2.678707449951645003e-02
2.880006375733845658e-02
3.503604213691469127e-02
3.130282753341040447e-02
3.372546732156456173e-02
2.763651766461938664e-02
3.737798731348807024e-02
4.008906365124431659e-02
4.277564425412716531e-02
4.013643368391095478e-02
4.675386009823734312e-02
4.595367519624593555e-02
5.188387896451951420e-02
5.466723482600110984e-02
4.872814270135172876e-02
4.375355591932050814e-02
4.249353947836054246e-02
4.597256301280072677e-02
3.771900523541971140e-02
3.970579996822065638e-02
3.541930324133391039e-02
3.406742965829279157e-02
3.549906309638739543e-02
3.238984546637579953e-02
3.316099900980740145e-02
2.986747696268921004e-02
1.931035116457868739e-02
1.955499880018596315e-02
3.079542040243765655e-02
2.539096563805554041e-02
2.827219381093026840e-02
2.221892330511776592e-02
2.596506319446811872e-02
2.144944921374047908e-02
3.132419558395005410e-02
2.761932545038092712e-02
3.062177621892958612e-02
3.744726729049796532e-02
2.921051008546582395e-02
3.310807355703282440e-02
4.323736096757668790e-02
3.431992510611436842e-02
3.803443593783439880e-02
4.229498809756560007e-02
4.013727636458863657e-02
3.352682680587548703e-02
3.989449537662448364e-02
4.379350171345786080e-02
3.572694047434010756e-02
3.866736835793149751e-02
4.395752623183790675e-02
3.400698676650426577e-02
3.742547892643122154e-02
3.514576566432925375e-02
3.061550366662579847e-02
3.354698869470862377e-02
3.182263119021389031e-02
2.560298903781843549e-02
2.460350560371438178e-02
2.790948256433489760e-02
2.783390833682597432e-02
3.135401578656482613e-02
3.391175111856448154e-02
2.722801388916229470e-02
2.397694500058644707e-02
2.844216978730695899e-02
2.499905982996120102e-02
3.140040588273240729e-02
3.593958272812969312e-02
2.984656937954843769e-02
3.331763229791162573e-02
3.880613144766442701e-02
3.813712902788379822e-02
4.087950138790263921e-02
3.904943493864809767e-02
3.505052031429345405e-02
3.705971432042520775e-02
3.366752774662185033e-02
3.422245268424539688e-02
3.180183674544112549e-02
2.913150356489069281e-02
3.637306691502484313e-02
2.571209323072531916e-02
3.323765547857515656e-02
3.995873960550788695e-02
3.183644160723275718e-02
3.034928016643290150e-02
3.446599685396334323e-02
3.232231418850384230e-02
3.029100728562061917e-02
2.567129909793575138e-02
2.941951313787471989e-02
3.374230314289405896e-02
2.355138007133072975e-02
