1.478917962899117811e-03
0.000000000000000000e+00
0.000000000000000000e+00
0.000000000000000000e+00
1.286406681373364336e-03
0.000000000000000000e+00
0.000000000000000000e+00
0.000000000000000000e+00
0.000000000000000000e+00
0.000000000000000000e+00
4.768612102274083497e-03
2.606978739361220931e-03
2.491734452181759707e-03
0.000000000000000000e+00
4.091501928717988790e-04
0.000000000000000000e+00
4.845236565381938476e-03
2.425438984317462854e-03
0.000000000000000000e+00
0.000000000000000000e+00
2.446199250825564775e-03
4.129916790239107627e-03
1.008896166563300056e-03
0.000000000000000000e+00
0.000000000000000000e+00
2.003764463676560581e-03
6.131142451559767892e-04
5.399005095656495001e-03
3.166594043803261371e-03
0.000000000000000000e+00
8.768544626476248993e-04
0.000000000000000000e+00
0.000000000000000000e+00
0.000000000000000000e+00
0.000000000000000000e+00
1.974955694073354806e-03
0.000000000000000000e+00
5.628693469118761783e-03
0.000000000000000000e+00
4.872505359005518955e-03
3.389630839699897535e-03
7.262847168171049361e-03
2.854852676140495760e-03
1.827782308086778329e-03
1.490087651534910407e-03
8.820367236874737671e-04
0.000000000000000000e+00
2.115308462061982198e-03
3.163219552991147765e-03
0.000000000000000000e+00
1.760782229531798748e-03
0.000000000000000000e+00
1.742034545817006119e-03
2.735852386198001085e-03
0.000000000000000000e+00
0.000000000000000000e+00
2.821540131372035631e-03
0.000000000000000000e+00
4.909217854673020298e-03
2.427981022916192444e-03
1.608733001550177732e-03
0.000000000000000000e+00
0.000000000000000000e+00
3.290939009841675755e-03
0.000000000000000000e+00
8.873616923588123484e-03
9.972911233477432802e-03
1.883285636231812887e-02
2.829652857445408287e-02
3.878306066755277115e-02
3.870067977251689939e-02
4.788017671984645673e-02
5.633534562332576101e-02
4.918696956169243961e-02
4.183981598022112891e-02
2.929027003001971607e-02
1.189977357415283876e-02
1.211832756106767661e-02
4.768997764868387890e-03
1.789681986273272685e-03
0.000000000000000000e+00
2.091981072095183691e-03
0.000000000000000000e+00
0.000000000000000000e+00
0.000000000000000000e+00
0.000000000000000000e+00
5.727348916169106019e-04
6.495637473937776463e-04
0.000000000000000000e+00
0.000000000000000000e+00
4.480677828622159353e-03
6.645484694698389205e-03
1.583605557237088846e-02
2.144426658897424787e-02
2.862935852572734419e-02
4.744015823702429913e-02
6.264097603480145438e-02
7.887878336570208759e-02
9.736231316919941037e-02
1.144170907822483763e-01
1.172135456279326249e-01
1.088019466639158495e-01
8.080445086637544350e-02
6.061495007622319520e-02
3.637953983815434000e-02
2.231417052693007719e-02
1.179923161485030292e-02
5.845215734065156710e-03
4.611432638519374905e-03
0.000000000000000000e+00
2.626477432758900221e-03
0.000000000000000000e+00
0.000000000000000000e+00
0.000000000000000000e+00
5.211797197736789400e-03
6.875294853867508493e-04
0.000000000000000000e+00
5.988869861654588789e-03
1.206668621293705002e-02
1.926065029254253602e-02
3.531740150171414072e-02
5.311852378001358232e-02
7.570523770482262549e-02
9.655071101817069845e-02
1.123186416444914570e-01
1.340714929350950158e-01
1.532704433018863277e-01
1.702451797643376175e-01
1.533063913116765598e-01
1.260940730065573945e-01
9.150100212639555863e-02
6.177503524405869584e-02
3.591936758333380553e-02
2.639990620481302841e-02
1.539851145027926194e-02
1.768948306961570793e-02
1.003058791142574790e-02
0.000000000000000000e+00
1.440512307664398861e-04
1.110277366893175355e-03
0.000000000000000000e+00
0.000000000000000000e+00
0.000000000000000000e+00
5.423138814375505490e-03
1.042290572309223506e-02
7.192906861297476695e-03
2.018038000586663827e-02
4.607544557665965712e-02
6.935287793974431736e-02
9.748413022493362945e-02
1.224287877397962632e-01
1.512654676664868525e-01
1.746892096610168643e-01
2.057268003272589851e-01
2.207418685608781850e-01
2.326645485021026083e-01
2.193928373630265050e-01
1.821494797965468315e-01
1.409250444143781422e-01
1.014828321097880348e-01
7.457550074675545204e-02
5.920883179899361082e-02
4.956303526305960716e-02
4.096451247836219167e-02
3.082956264394409729e-02
1.586889248935019481e-02
0.000000000000000000e+00
2.191961814817844356e-03
1.602573269319673699e-03
2.101585644589842872e-03
2.095236639667596990e-04
9.064790475497463973e-03
1.159141161404120268e-02
2.019071491134472041e-02
3.285107380444207692e-02
5.492327767851445941e-02
8.018588919595570630e-02
9.988255886758334867e-02
1.192602538319240679e-01
1.411893810681759120e-01
1.468726363074184249e-01
1.617355157268312027e-01
1.787391761118111155e-01
1.899095278403741816e-01
1.791815859815426570e-01
1.551128177362923743e-01
1.289604950973699538e-01
1.115861590953795002e-01
9.877807268174398914e-02
8.104605020921518133e-02
7.185416059289195800e-02
6.642458491040770241e-02
5.205871679137308305e-02
2.025984512632605927e-02
7.307002234187898182e-03
0.000000000000000000e+00
0.000000000000000000e+00
0.000000000000000000e+00
4.351228730958833779e-03
2.389771018100006472e-03
1.557022761131099386e-02
3.147699898380240668e-02
5.127938476661242362e-02
5.868344647460199681e-02
7.843545909897331470e-02
8.382925189103440644e-02
9.710123339910969875e-02
1.008652847053794765e-01
1.040144596765735230e-01
1.088577685535248030e-01
1.197711899264928270e-01
1.248008443967489889e-01
1.143023216234082540e-01
1.159189807887681667e-01
1.193020998624634288e-01
1.139674386494098357e-01
1.140260414922806831e-01
9.617939356550264662e-02
8.050622461351153447e-02
7.300743291582900696e-02
6.321958056605403442e-02
3.199507002611312600e-02
6.211479471030845190e-03
0.000000000000000000e+00
0.000000000000000000e+00
4.462551332276021299e-04
4.717149077557269976e-03
1.292640547755263825e-02
2.965293257015089168e-02
3.843268846521930016e-02
5.400950336252030581e-02
5.866013720563456602e-02
7.473675256087819463e-02
8.988724432765371475e-02
1.191119295430609348e-01
1.387146267759868934e-01
1.451425325841273484e-01
1.147325565333132680e-01
1.097208760508729952e-01
1.100577699769398343e-01
1.167321266492820087e-01
1.113511729504743641e-01
1.210584727321095677e-01
1.333553963418117050e-01
1.251779699236483800e-01
1.086898753028306963e-01
8.397099139296404502e-02
6.559330375351901665e-02
5.443665498539829173e-02
3.351773142676606199e-02
5.275832487510179192e-03
8.860179788974242854e-04
0.000000000000000000e+00
0.000000000000000000e+00
9.271307827640740129e-03
1.887020074385903357e-02
2.829420938403703900e-02
3.933875785752682930e-02
5.336065495294706196e-02
6.502512733464715922e-02
8.660116023688724241e-02
1.344743427408099379e-01
1.757271535214068869e-01
1.936906257708201906e-01
1.568408956713116531e-01
1.054993786060074434e-01
1.038980642497593365e-01
1.260398543520486747e-01
1.163121463683149948e-01
1.268796570983923289e-01
1.469325109061343504e-01
1.513769864345442251e-01
1.410883343889417496e-01
1.289345192723678757e-01
9.756162116398758855e-02
6.894568047371940622e-02
4.025383496559697960e-02
2.545281287246581314e-02
4.759182302054298930e-03
0.000000000000000000e+00
0.000000000000000000e+00
6.284950460202942679e-03
1.034918686023678092e-02
1.871051072387119873e-02
2.993158251377847634e-02
3.776339842170939320e-02
5.172933149611758097e-02
7.899911619115762562e-02
1.186906964832576961e-01
1.781631344001710637e-01
2.096096719500102346e-01
1.948586474572100435e-01
1.273855337348281935e-01
7.558224609599850652e-02
1.075511169090335173e-01
1.438607141599481665e-01
1.111010472350661971e-01
1.271646281349751995e-01
1.576330370724736696e-01
1.586384820378703431e-01
1.511242147839202410e-01
1.283132240114266409e-01
1.048815726603913312e-01
7.496371323808226350e-02
3.536388775702015153e-02
8.700597837055568107e-03
0.000000000000000000e+00
0.000000000000000000e+00
5.052183690161804464e-04
0.000000000000000000e+00
1.380762485655218086e-03
9.100025509503950616e-03
1.515537429024638172e-02
3.282073744591817999e-02
5.337543226016761011e-02
9.892192132643806701e-02
1.551175891287681630e-01
2.040935751699550771e-01
2.148785056354878265e-01
1.830220976961625112e-01
1.169901874386711782e-01
1.037488326184226040e-01
1.727760777990763330e-01
1.850724507591055001e-01
1.232725449132852091e-01
1.457263172791742889e-01
1.786743929401186648e-01
1.524297204763045421e-01
1.407390201412916930e-01
1.437367981984052356e-01
1.256643167054538601e-01
8.784844024586613287e-02
3.096539973628287257e-02
6.307933858614944711e-03
1.814217312446242403e-03
7.131731729388413044e-04
0.000000000000000000e+00
7.679833962984883300e-03
0.000000000000000000e+00
5.576180327832691574e-03
1.823292043864288559e-02
3.775606754933313880e-02
6.438664812375449742e-02
1.250334376224180311e-01
1.797568049673099466e-01
2.169076768087223606e-01
2.162728279337482462e-01
1.941106836342365582e-01
1.677044029189636021e-01
1.903160996224735335e-01
2.572656064761136285e-01
2.183391569902632945e-01
1.405564213337009427e-01
1.749203546141377963e-01
1.803060146654948959e-01
1.323969977841912282e-01
1.171075583064680181e-01
1.494826130237369988e-01
1.361698947526894798e-01
1.026656378887214061e-01
3.327714935078818215e-02
8.650014218693158341e-03
0.000000000000000000e+00
0.000000000000000000e+00
0.000000000000000000e+00
4.273907992106806830e-03
4.171517036934080380e-03
7.054220147924894491e-03
1.233485777261877914e-02
4.049914482863270493e-02
9.001139069348651489e-02
1.472056875258869191e-01
2.123052541905821045e-01
2.231717007775091410e-01
2.058535170250452850e-01
2.038810254348084605e-01
1.988760440986792055e-01
2.487841378641828527e-01
2.895718565028819746e-01
2.133290021375593426e-01
1.778392492201050779e-01
2.132350423911875126e-01
1.765993548264428448e-01
1.194514200361016520e-01
1.142768275465781969e-01
1.492996460509443679e-01
1.359729344775995052e-01
1.044521324323079980e-01
3.857490867864621364e-02
9.151992304375689002e-03
0.000000000000000000e+00
0.000000000000000000e+00
4.385416085574078693e-03
0.000000000000000000e+00
1.390502065034215917e-03
9.526122911076129185e-03
1.764580829882334001e-02
5.719532899839174789e-02
1.140293643350172026e-01
1.761554022183182688e-01
2.203982565123214776e-01
2.212508588890815808e-01
1.948415374781946596e-01
1.727098805536280146e-01
1.841954924919928516e-01
2.454878475373929447e-01
2.750135866507998905e-01
2.014078501324032544e-01
2.066193636733908434e-01
2.530820761427068355e-01
1.845728557268930814e-01
1.196579156739834282e-01
1.386179314680724417e-01
1.605157735325981605e-01
1.377882088541948491e-01
9.229565649531368265e-02
3.644126484947785016e-02
6.257478975211228089e-03
0.000000000000000000e+00
1.098369569476620455e-03
0.000000000000000000e+00
0.000000000000000000e+00
0.000000000000000000e+00
2.107593734077983783e-03
1.711641409587194573e-02
7.332953915228701547e-02
1.287015822598185366e-01
1.896943764092169360e-01
2.268583132381558620e-01
2.204945446017578803e-01
1.896339538896936183e-01
1.717042322820825362e-01
1.887604234771425027e-01
2.570298089005764730e-01
2.683029511372909681e-01
1.929247970521168476e-01
2.211524553495567424e-01
2.331898684989881509e-01
1.571754888851240040e-01
1.324547079821440931e-01
1.474124128708793613e-01
1.561148840678265870e-01
1.222221126071096897e-01
7.937294115512871784e-02
3.702683013450869254e-02
5.133198233647995323e-03
0.000000000000000000e+00
3.815729680119783751e-03
0.000000000000000000e+00
0.000000000000000000e+00
0.000000000000000000e+00
0.000000000000000000e+00
3.004489853364367136e-02
7.749739127666499527e-02
1.434870572981910009e-01
1.880834303162286503e-01
2.065085708549907473e-01
1.948813380576046583e-01
1.898409481231517759e-01
1.853634335136886691e-01
2.132631917523726273e-01
2.604980143502730883e-01
2.444834627449310460e-01
1.837702831462140196e-01
2.075994611528306777e-01
1.844519428901905123e-01
1.338551309657565191e-01
1.413970855384136804e-01
1.665485948974803065e-01
1.465264865407789330e-01
1.113778475480451391e-01
6.799082521823684999e-02
2.830955742268637110e-02
1.205721338255250075e-02
0.000000000000000000e+00
1.593458381051959805e-03
2.935704811817263504e-03
0.000000000000000000e+00
5.859077536697121502e-03
7.718728632362115150e-03
3.192438085738169562e-02
8.540931681945718168e-02
1.414531477152043415e-01
1.758726552455160963e-01
1.888808469180536243e-01
1.851754171715986885e-01
1.872423303662027472e-01
1.985222115524036823e-01
2.124181000680458453e-01
2.434390898783629353e-01
1.955241289973876917e-01
1.540197959552540574e-01
1.580214369968628851e-01
1.239470605519126245e-01
1.216787759628736865e-01
1.677533020117452089e-01
1.699278645506563379e-01
1.448357127686721313e-01
9.396649651920796487e-02
5.867619317654249045e-02
3.514840624486881282e-02
1.026896813037536660e-02
4.330676318943016412e-03
3.919970226107238886e-03
0.000000000000000000e+00
8.401122843304520416e-04
3.348304136239654838e-03
1.151506502561838730e-02
4.311522119419786137e-02
9.806731402119650554e-02
1.529701637536025061e-01
1.804895212957542405e-01
1.869452822746038301e-01
1.982146027113964593e-01
2.155095506356725643e-01
2.097539862627075813e-01
2.005306114564917586e-01
1.903439436572149646e-01
1.413264498529853697e-01
1.013905663643233090e-01
9.459129001365296219e-02
1.046731034497359047e-01
1.626659464726945004e-01
1.862780320307368953e-01
1.642193529856390555e-01
1.253208705095398834e-01
8.753659363676424832e-02
5.386651540396147908e-02
3.643624744566498208e-02
1.058880972374254270e-02
1.207029647431578923e-03
0.000000000000000000e+00
1.322218876418368438e-04
6.449763871678726446e-04
6.381127312683254615e-03
1.760656030542318007e-02
5.119753754221756381e-02
1.033081060073621771e-01
1.626815902661720159e-01
2.026437908521931952e-01
2.119383552507918544e-01
2.205711770909744018e-01
2.249840464909005355e-01
2.094390449497711693e-01
1.674353638352847895e-01
1.352765691351796029e-01
9.263342334485225038e-02
6.280839533758619808e-02
8.917226722801530059e-02
1.381926986411712299e-01
1.827820953708401142e-01
1.867650077641762607e-01
1.472172517291472360e-01
1.119904990780646870e-01
7.959557951832474387e-02
5.198453881939313348e-02
3.579663702992874619e-02
1.556695313470468633e-02
6.310687623817479164e-03
1.059799007550932259e-03
0.000000000000000000e+00
0.000000000000000000e+00
1.573460748347077498e-03
1.694002774683811552e-02
5.826664952358617811e-02
1.091935187311192657e-01
1.632160064846734926e-01
2.166142339451178067e-01
2.402051613578115585e-01
2.356342719842308142e-01
2.090847853662021194e-01
1.718338884164003488e-01
1.370894816264023319e-01
1.044870792652994318e-01
7.095465714200432927e-02
6.979261022101335143e-02
1.075958124972786756e-01
1.433570702121613749e-01
1.612816659113902595e-01
1.414350522580045677e-01
1.116018187575953391e-01
8.643640352046721986e-02
6.561290293492616499e-02
4.580582708828728755e-02
2.690895588639419245e-02
8.286787935079420464e-03
1.782661826638332059e-03
0.000000000000000000e+00
1.713722144999429986e-03
0.000000000000000000e+00
4.935509462237419598e-03
1.919334293465402297e-02
5.386501397324927609e-02
8.718721665006601285e-02
1.466311886524924724e-01
1.980480847286627544e-01
2.320647550783525581e-01
2.259688516793918467e-01
1.911649008822116080e-01
1.310376258793914950e-01
9.069018565043851510e-02
7.108762782013089421e-02
6.684134899703941812e-02
8.000277269863698137e-02
9.983465608232533484e-02
1.138907329694842652e-01
1.126933261725144853e-01
9.930675086525564410e-02
7.244406839065620218e-02
5.940482898870813600e-02
4.739042605130094898e-02
3.430807928053747347e-02
1.752594852187794316e-02
3.488528568975191035e-03
2.485629601768124530e-03
0.000000000000000000e+00
6.961559688631879794e-04
2.088582007579997679e-03
3.542288334828391783e-03
9.688002670000805949e-03
3.017449308881836600e-02
6.032506490916000885e-02
1.105855821568013653e-01
1.478192361469998772e-01
1.815757950666916365e-01
2.000988274964186076e-01
1.840744492301569224e-01
1.549603102907881613e-01
1.343590772897416130e-01
1.170109630376212628e-01
1.112318576736974762e-01
1.075960596126210866e-01
9.544170505498383861e-02
8.334599157839539529e-02
7.371858234517425501e-02
5.905279758283521474e-02
3.882341397336253053e-02
3.888318374099153374e-02
2.670283611531720780e-02
2.496369868323844443e-02
1.112192002289047466e-02
5.400461559956770685e-03
0.000000000000000000e+00
0.000000000000000000e+00
6.437422022870009641e-03
1.377314919178918018e-03
2.234035002218970334e-03
7.408244624659499067e-03
1.861724875919312794e-02
3.035746428110996931e-02
5.269489732554566430e-02
7.814708942235615297e-02
1.110747547846986372e-01
1.319238818230412669e-01
1.607649509997832737e-01
1.773352264371435005e-01
1.792925721014198004e-01
1.741537861594850689e-01
1.534800309638697513e-01
1.178736256608883259e-01
9.441095065077043103e-02
7.251827276510747211e-02
5.295850819722103253e-02
3.447595806280823183e-02
2.587121666517067098e-02
1.571162674837989215e-02
1.653531533095842221e-02
8.283305572398091954e-03
2.490691216241902595e-03
6.520426971541759542e-03
1.050156147819336638e-04
0.000000000000000000e+00
0.000000000000000000e+00
2.471573485359979117e-03
1.154420963224822572e-03
1.266859183964630375e-03
5.050661660412902876e-03
8.276122092095050675e-03
1.834855368505472484e-02
3.978495586760200098e-02
4.713503953709841099e-02
6.416687553147193412e-02
8.870457489537741935e-02
1.102636728296122470e-01
1.247435362038391560e-01
1.162048934065493810e-01
1.041876406814927769e-01
8.583099129693039231e-02
6.770300432062814622e-02
5.728131448446349694e-02
4.429217860426426512e-02
2.829242381041119359e-02
1.856256279291823574e-02
1.443092781701738048e-02
3.069356494571628957e-03
2.957709101849115285e-03
2.801538016413918086e-03
2.646479567598003513e-03
0.000000000000000000e+00
0.000000000000000000e+00
0.000000000000000000e+00
5.077391457455782131e-03
0.000000000000000000e+00
4.392834815796664572e-03
0.000000000000000000e+00
8.212792977008387396e-03
1.177423316347514515e-02
2.231724646649579924e-02
3.267781117928070245e-02
6.104662390393800209e-02
9.200030468925701754e-02
1.085985118208543376e-01
1.186697687627069620e-01
1.135555724593610982e-01
1.012763648644505743e-01
8.610674660762107635e-02
6.331597296905888683e-02
5.501586546821979340e-02
4.008659288421156930e-02
2.005089769826673418e-02
1.650529322177574088e-02
1.120995446930050932e-02
1.245306027569714757e-02
4.220102972423589449e-03
4.603919088243202395e-03
0.000000000000000000e+00
0.000000000000000000e+00
0.000000000000000000e+00
3.113456817503301721e-03
0.000000000000000000e+00
4.386238584372925686e-04
9.118255071700609449e-04
1.106153593317227291e-03
5.510191317079637940e-04
5.651006245223744173e-03
2.088245120298193314e-02
2.601347977817258794e-02
4.084955371030529747e-02
5.439516180748515950e-02
6.409167598698894963e-02
7.062798001116554758e-02
6.861197430262455654e-02
6.617018406490160487e-02
4.993420863200359605e-02
3.449250730311392843e-02
2.829679242099958358e-02
1.362903365544010370e-02
9.512468128888063035e-03
7.877721141858362586e-03
3.031252572843534665e-03
0.000000000000000000e+00
1.444828274741905005e-03
0.000000000000000000e+00
2.490644749117532086e-03
2.022084261330547861e-03
0.000000000000000000e+00
6.140410328319134692e-04
2.515419253441564251e-03
0.000000000000000000e+00
0.000000000000000000e+00
0.000000000000000000e+00
0.000000000000000000e+00
1.604190895491353075e-03
1.019645631791465945e-03
0.000000000000000000e+00
3.642762768430340969e-03
4.892296297258180715e-03
1.033113445918587558e-02
7.049246673441533773e-03
1.468468542606293781e-02
1.198961316740021488e-02
9.845796148243657342e-03
4.647511374373802795e-03
7.053820949456834910e-03
5.334034145118682346e-03
2.276690070989850767e-03
3.907601675593674884e-03
0.000000000000000000e+00
2.805723869370169155e-04
5.524974527093551302e-03
0.000000000000000000e+00
0.000000000000000000e+00
1.710005323962704438e-05
8.792776141399727408e-04
