1.232872442362618060e-01
1.259607714521990829e-01
1.245548207416464770e-01
1.222250447581543220e-01
1.285451270123787459e-01
1.330724289431892693e-01
1.340563287517420044e-01
1.265288490157256973e-01
1.257336644385755875e-01
1.234864603861414167e-01
1.247119733292576527e-01
1.247637814469397810e-01
1.248474166498549920e-01
1.219744720187052600e-01
1.281479336048128026e-01
1.261179389594091482e-01
1.288009720750209475e-01
1.270083300377584656e-01
1.271719233442785146e-01
1.296350104377292922e-01
1.264487108985763442e-01
1.290886100005170789e-01
1.317368775795508817e-01
1.218948553096552700e-01
1.299436435122642841e-01
1.243146804900208124e-01
1.273115037255281301e-01
1.271071448446927654e-01
1.276030461453165898e-01
1.252180646754039728e-01
1.272847577154765375e-01
1.251210823625501511e-01
1.194444963280982819e-01
1.286372362787457924e-01
1.227999720394188365e-01
1.286752278435252528e-01
1.298907009696921300e-01
1.326546857077066655e-01
1.249017576706852317e-01
1.203029281744556478e-01
1.212631240622568107e-01
1.238485706893026617e-01
1.260910951652638445e-01
1.234890580899383750e-01
1.241636062588336031e-01
1.245503298010954829e-01
1.245603766478189378e-01
1.212930200189381580e-01
1.142493498825172260e-01
1.208788426531173243e-01
1.191767095450768643e-01
1.178578434408503739e-01
1.215140990322409742e-01
1.248850407612973612e-01
1.275130506638317840e-01
1.225803950993289426e-01
1.306242261963004303e-01
1.236177026981146732e-01
1.283396315297040680e-01
1.286838406241890276e-01
1.250876036201269415e-01
1.250945924353321637e-01
1.237822590477328788e-01
1.287153771403986013e-01
1.215952468559469146e-01
1.196286540851994040e-01
1.228120422683409707e-01
1.231534413997517063e-01
1.223169819274216863e-01
1.255587211179403084e-01
1.203874543537382102e-01
1.251486829160133318e-01
1.161248876514999750e-01
1.180686624428393117e-01
1.153425297712309394e-01
1.134890689009577791e-01
1.149224293009161180e-01
1.086839421442613585e-01
1.123456295198983490e-01
1.106915361239693141e-01
1.164569602292004902e-01
1.140904063461518625e-01
1.131459252536393123e-01
1.133205425996384186e-01
1.215982387168357270e-01
1.243312426983327335e-01
1.204117128597226305e-01
1.223761551375766032e-01
1.210388279246781273e-01
1.233449730499072139e-01
1.241965312152828460e-01
1.221122670617624806e-01
1.229968232997094013e-01
1.168095657390741948e-01
1.200867056585344095e-01
1.226229258297100166e-01
1.150944901133197362e-01
1.159177878488102387e-01
1.190149651989420576e-01
1.201976909544995031e-01
1.171698268825882572e-01
1.168173041694644532e-01
1.156440231033601940e-01
1.153008357460114652e-01
1.137346412022610664e-01
1.132488604551085132e-01
1.117976347771700851e-01
1.054441763516331676e-01
1.067975400968030897e-01
1.049506964666622189e-01
1.086478694693484570e-01
1.096740147758739070e-01
1.111670058415543672e-01
1.067655768385002979e-01
1.106460191123299630e-01
1.148492378502412592e-01
1.072585074333209931e-01
1.078745894957187090e-01
1.150209818513014959e-01
1.192955317823480854e-01
1.181341897430674415e-01
1.218828388641752802e-01
1.193788508979762852e-01
1.187590227896602180e-01
1.167576040246234292e-01
1.156495083500224119e-01
1.218974814745314994e-01
1.153333404878869040e-01
1.111101802259324423e-01
1.144202270540848332e-01
1.103567073426501288e-01
1.164987666558321422e-01
1.040702865267277843e-01
1.093808036468297828e-01
1.167370567405257020e-01
1.159943843195780921e-01
1.154437561079078023e-01
1.082346292910947305e-01
1.035979785456109248e-01
1.075788889727133935e-01
1.053478678716990302e-01
1.026436917677258087e-01
1.049044153191336370e-01
1.020989969663679275e-01
1.009035362622041632e-01
9.744518402429314108e-02
1.024854164038395687e-01
1.026184584653919707e-01
1.026445010002401403e-01
1.024537210583122970e-01
1.080941422371526350e-01
1.059895953879799180e-01
1.121612734683772317e-01
1.086299049429730879e-01
1.162983794074041732e-01
1.126396533838680547e-01
1.106149397743547702e-01
1.101543358194239097e-01
1.119471159846598951e-01
1.098481416192451654e-01
1.102608224808858672e-01
1.096589439167230395e-01
1.083594876843152477e-01
1.112611957153193387e-01
1.125809884179274079e-01
1.075502967255075326e-01
1.067305617439342491e-01
1.042270068754862500e-01
1.032149979394758610e-01
1.133061557019150456e-01
1.044651801275371383e-01
1.024990204403617433e-01
9.632250409538922753e-02
1.033538271912846085e-01
1.034723043907965767e-01
1.035673515651738263e-01
1.025194714518580241e-01
1.021345593929940954e-01
1.044972024590831161e-01
1.005082369153518229e-01
1.016083399206642035e-01
1.026590020588411534e-01
1.047345646929360719e-01
1.040672329014746822e-01
1.063641627616034313e-01
1.081401274589697259e-01
1.106064888760718290e-01
1.089210712013661819e-01
1.072656820779069875e-01
1.075684030663102142e-01
1.058231518640897484e-01
1.035426514906525597e-01
9.923873037221042637e-02
1.040452677250249813e-01
1.033428046494258012e-01
1.007523750587244749e-01
1.012717419778979000e-01
1.025642522430159076e-01
9.817864740753279307e-02
1.014383113210035603e-01
1.057630679011620778e-01
1.049514825192767731e-01
1.037091000405574448e-01
9.845951841006961303e-02
1.059734185819998231e-01
9.454538335135120874e-02
9.986202446524661269e-02
9.898111400544218341e-02
1.003140625164649080e-01
1.006791339172261601e-01
9.760494223755467047e-02
1.002343469128779141e-01
9.756393720866718411e-02
9.476836882208594659e-02
9.661934766537783048e-02
1.007228806210345162e-01
9.744548140406816827e-02
1.019863043716280337e-01
1.040388445391853267e-01
1.015128497050037382e-01
9.823481957195223657e-02
1.016521678557609221e-01
1.028813905885730406e-01
1.001693000941972223e-01
8.819053202610493969e-02
9.758569752695800403e-02
9.799057043978809389e-02
9.308177941789175236e-02
9.600365432039881242e-02
9.619226986174478355e-02
9.635145472679651490e-02
9.488846979584275587e-02
1.038566407680745485e-01
8.780024420114385109e-02
9.625463211306106714e-02
9.688817375645086827e-02
9.187365887602139125e-02
8.928535204450760432e-02
9.159012981573777523e-02
9.092798803354984472e-02
9.330890233281152746e-02
9.855230082520582968e-02
8.921913956114879696e-02
9.523357309820834615e-02
9.411062667887559741e-02
1.008631769006234080e-01
9.227544749901772647e-02
9.908618294401705384e-02
1.015449327590878248e-01
9.266121530654336524e-02
9.669196171518201766e-02
9.950320759080089061e-02
9.248102028537896757e-02
9.678901058212874275e-02
9.777533665636051197e-02
9.321646777604497558e-02
8.872700086148110898e-02
8.317532256316484407e-02
9.840567193128846313e-02
9.536010149501406019e-02
8.553776137977120442e-02
9.100377261608327828e-02
9.443097111108400554e-02
9.221944482259525344e-02
8.738226226048739775e-02
9.473581069027625645e-02
9.850117979370143217e-02
8.825737869402772162e-02
9.406862724246911611e-02
8.934823441689587753e-02
8.581929949987276984e-02
8.986649362595944268e-02
8.881163855505080917e-02
8.926425079514821448e-02
8.875883612125434752e-02
8.712870308042663936e-02
9.341232888316186589e-02
9.012738316319435228e-02
9.071119599997912175e-02
9.169669273090752526e-02
8.639576361591849718e-02
9.654536077265696292e-02
9.185648324168127488e-02
9.463437410307307118e-02
9.292735163155407818e-02
8.560003922767434048e-02
9.005871319105018813e-02
8.665834983864240115e-02
8.988352050233139323e-02
9.100655569246063337e-02
8.429188491794592508e-02
8.450054491814151802e-02
8.825533104525895567e-02
8.139143275573346159e-02
8.666575132294873640e-02
8.518064930167179583e-02
8.620188591991162497e-02
8.288264804212852610e-02
8.697054662989600615e-02
8.290550442160693478e-02
8.727828970642415030e-02
8.797914768623549264e-02
8.897489886190435016e-02
8.623046855069826933e-02
8.727891822685496237e-02
8.634733057616239549e-02
8.604434653258863364e-02
7.886881082180963176e-02
8.427938050078820353e-02
8.713653836099233274e-02
8.739462360518412964e-02
8.586037679922231547e-02
8.621259868583086572e-02
9.184998310991421278e-02
8.431510710974476908e-02
8.590167819438709884e-02
8.406949247478756604e-02
8.910352275082766837e-02
9.001174097397335316e-02
8.594756124370706019e-02
8.499251846991562331e-02
8.077487190497878444e-02
8.341086179032242143e-02
8.730647352535170214e-02
7.722211476710416633e-02
8.198161221061006643e-02
8.267281941680248991e-02
7.486826255871648073e-02
8.243307072853234274e-02
8.375700704538457941e-02
8.107994759221570646e-02
8.890040157489043082e-02
8.623679309203824417e-02
7.892002313651946821e-02
7.917405072781358299e-02
8.418676039989358983e-02
8.007970522633156563e-02
8.409091125827172775e-02
8.309557697700542533e-02
8.766772786958210162e-02
8.464873305427511596e-02
8.767792853915690188e-02
8.807042933667696971e-02
8.433618759327377035e-02
8.540617109123127548e-02
8.274380919204915585e-02
8.136209184381248960e-02
7.922283612737146541e-02
7.732303299605503000e-02
7.845822137989433287e-02
7.728468387628195657e-02
7.886943393380940748e-02
7.737533121102790901e-02
7.726147546493233875e-02
7.373590255372297619e-02
7.343295033097341218e-02
7.450142879995036438e-02
6.859606064001777526e-02
7.658240324926657294e-02
8.122755022046801443e-02
7.678711929210413345e-02
7.243042646065322998e-02
7.989092546792386784e-02
7.297797748315071331e-02
7.469036868289702369e-02
7.614918965206962653e-02
7.847496159611511146e-02
8.576248874321823479e-02
7.789960994684586026e-02
7.378244075128481683e-02
8.114035300858990496e-02
7.593585657096646457e-02
7.740409321887975480e-02
7.380362446143395871e-02
7.966195224939109920e-02
8.346253942059966846e-02
7.582386397288676250e-02
7.903287593208618844e-02
7.289376811675740697e-02
6.922761156060808219e-02
6.457121928800813038e-02
7.103975001339346562e-02
7.898589959300039709e-02
7.788418498783400423e-02
6.772078009653670350e-02
6.988445729473768964e-02
6.365215908783206089e-02
6.426889579192529567e-02
6.724516367236166303e-02
6.621233580739893654e-02
7.409157681259426198e-02
7.291636985526439574e-02
7.117445010243805825e-02
7.346185590298004442e-02
7.640642644706341358e-02
7.312556588653906786e-02
6.989784811128751940e-02
7.055396821183235190e-02
7.096482686286531560e-02
7.449254405315741678e-02
7.381524378199522118e-02
7.836847201067209667e-02
7.404848361231453069e-02
6.880565747362865636e-02
6.860139335881321188e-02
7.501531466647826107e-02
7.544658932555314834e-02
6.994017944221342375e-02
7.134209777107081152e-02
7.087477143112375089e-02
7.391314991977315785e-02
7.130213608846558415e-02
7.379945283175493032e-02
6.745223190687577031e-02
7.499054078062794559e-02
7.299020350838159032e-02
6.801946548208448462e-02
6.693447188353696120e-02
6.626891200152540407e-02
6.434796041895252117e-02
6.401257692578354863e-02
6.229619690975196633e-02
6.946637771956520879e-02
6.691192549156088631e-02
7.097326831631489696e-02
6.942868788149114678e-02
6.561189005783152339e-02
6.729632251302541945e-02
6.531769647624363628e-02
6.750113138127522561e-02
6.949876073779037711e-02
6.856327057844424644e-02
7.677272003686219648e-02
6.552341379074366756e-02
7.237341845595590684e-02
7.084867378605030908e-02
6.184612911829345805e-02
6.714627760131453016e-02
7.326080160301273736e-02
7.657279855530285673e-02
6.535834834946996352e-02
6.867834846571740925e-02
6.563386330261922197e-02
6.300592525171566649e-02
6.223805496582324182e-02
6.214021248684797882e-02
7.004598966720365638e-02
6.262095593002880989e-02
5.858623392584227929e-02
6.196581063100525810e-02
6.287665543749643149e-02
5.945545355339909577e-02
5.636622412438718754e-02
5.494752907444100387e-02
5.920354947789840949e-02
6.041158151062742121e-02
6.692520406526947241e-02
6.764998882950523651e-02
6.439446576860863303e-02
6.189270574409722059e-02
6.689509730372877883e-02
7.079053920163058677e-02
6.854627811525348946e-02
6.948551041404371631e-02
6.510439893704100811e-02
6.825713287331502954e-02
7.138135615612828389e-02
6.288323117952510088e-02
6.271069330619072346e-02
5.812545143354785893e-02
6.626174040498522544e-02
6.045235523216563323e-02
6.367166365390852789e-02
5.780592806076834123e-02
5.360930617745252036e-02
5.569028896913152948e-02
5.591160796515604048e-02
5.600863539133982272e-02
6.047449070201116328e-02
5.537597560849638612e-02
5.952130550799727970e-02
6.111415130082020752e-02
5.874091861224872702e-02
5.565928807789832788e-02
5.413318952189571931e-02
5.818652496992360312e-02
5.666784291006132790e-02
6.190541490058443230e-02
5.464992189874395834e-02
5.500364764368903536e-02
6.092867121819889320e-02
5.515114261879094926e-02
6.386392110550964674e-02
5.409971313681527505e-02
6.358473462260771925e-02
5.970314389518671661e-02
6.022610517493243165e-02
6.063947174423978126e-02
6.224480628650175262e-02
6.491546956364846466e-02
5.384434636848478561e-02
5.915810788871445070e-02
5.100499545906655996e-02
5.731880580956705273e-02
5.960613413240256619e-02
5.642814605521939697e-02
5.021958526272163326e-02
4.841491764150651633e-02
5.536894822658045001e-02
5.565937210412297276e-02
4.982449359808560629e-02
5.503242224183413356e-02
4.946548370340098089e-02
5.483962198074365801e-02
5.879171921450909721e-02
5.507197481129866290e-02
4.890380490295553884e-02
5.008716557820314108e-02
4.956994126992597671e-02
4.804223553587050333e-02
4.783764492325692785e-02
5.105589671673049779e-02
5.289848145370035226e-02
5.310548299322581656e-02
6.043945550757179319e-02
5.646766689677695794e-02
5.459685168915839881e-02
5.390257017949018348e-02
5.377762542304953541e-02
5.533893613284535107e-02
5.458875198448343014e-02
5.031266749340135291e-02
4.548579210947023554e-02
4.922580117128561028e-02
5.285938000836765127e-02
5.015463747964332697e-02
5.026702039828512270e-02
4.767984119633927875e-02
5.638082965340540653e-02
4.707932709199402765e-02
4.936134975473782660e-02
5.238521163518861101e-02
5.405196655576149922e-02
5.318151998710618500e-02
5.437986100464042849e-02
5.270852829410310747e-02
4.967003166810179948e-02
4.753582299469405470e-02
4.460786339946620771e-02
4.306966580894489027e-02
4.212260525119582155e-02
4.490819663316480970e-02
4.760706121036362148e-02
4.297527331355510682e-02
4.302436973042045310e-02
4.911581468975123599e-02
4.790766124303491580e-02
4.305009910186763378e-02
4.883057266512791372e-02
4.908101739166959021e-02
4.497716311324184701e-02
5.100468894145482324e-02
4.896038570124972011e-02
4.696506014098300597e-02
4.122352496286074697e-02
3.866655489185166772e-02
4.133402358182136638e-02
4.107036868190006018e-02
4.672443572665585521e-02
4.476608618981359200e-02
4.535980725689015003e-02
4.769813357166974299e-02
5.055432864054365538e-02
4.723776118584632755e-02
4.873437608821795664e-02
5.387720309158883225e-02
5.181820035787731982e-02
5.183088438589900093e-02
4.852998862967350391e-02
4.518942879128973189e-02
4.274841576904497842e-02
5.119308216716245141e-02
4.475617412761989655e-02
4.501558510881853437e-02
3.833963797245854010e-02
4.229672562052355644e-02
3.527510559306490379e-02
4.063671567112425720e-02
3.755590074387704647e-02
4.649198457802805606e-02
4.175913366864003606e-02
4.493371019944003564e-02
4.359128972793557821e-02
4.615060198084464105e-02
3.927659290863161345e-02
4.001322656334860284e-02
3.186076312623287166e-02
3.521720173018438871e-02
3.741069473686309266e-02
4.190624119220975885e-02
3.757639293272019287e-02
4.060582925585398684e-02
3.772041467508380208e-02
4.046330143688381398e-02
4.271307505875965305e-02
4.293828912766173289e-02
4.528633352906741294e-02
4.554283822371241186e-02
4.380913114404272335e-02
4.782759656047419483e-02
5.056867016119204195e-02
4.212629440889159582e-02
4.392501035550644417e-02
4.742046797058607766e-02
3.688374007047956482e-02
3.566135215155519234e-02
3.861870799887157091e-02
3.826904249855322959e-02
3.841650245079053505e-02
3.528120047502092405e-02
3.382449497930384297e-02
3.442254480219775203e-02
3.586466387784836840e-02
3.196908788296637383e-02
3.190826691452164354e-02
3.817225151142888961e-02
3.725807574814465895e-02
3.337998041918721626e-02
3.176153391638392165e-02
3.972889881450480942e-02
4.103102432687899537e-02
4.091186307860139593e-02
3.966770783340978213e-02
3.747805978247642500e-02
4.068574913612987842e-02
4.888990703628870449e-02
4.382534634978307864e-02
3.918108118294005848e-02
4.689378971596047663e-02
4.585550526846349229e-02
4.402747476424107020e-02
4.681060899109912299e-02
4.605457241897248366e-02
4.445671461957978465e-02
3.881606847308116670e-02
3.620110746938598467e-02
4.085812018162648940e-02
4.071557859850782890e-02
3.391324509687798638e-02
3.517130308639693226e-02
3.182548707779631059e-02
4.263595194285985102e-02
3.368117766313760697e-02
3.301902827019587150e-02
3.247884673740042416e-02
3.396944216446584619e-02
3.654955615763855192e-02
3.035027544515012110e-02
2.872561311487231706e-02
3.319674816156625852e-02
3.470275997071503582e-02
3.553223277188699569e-02
3.455039184668251551e-02
4.002493013354380125e-02
3.909448373389556863e-02
3.500511713696319305e-02
3.476608054326080222e-02
4.064095518973021015e-02
4.163903829665072109e-02
4.027376225417933497e-02
4.368511131807117920e-02
4.029910506053546726e-02
4.413351949296684396e-02
4.533957251123954535e-02
5.003894405941800017e-02
2.984101065343436332e-02
3.391688355284028233e-02
3.750592381895190286e-02
4.071690226193602768e-02
4.108322626662541666e-02
4.165633506914812045e-02
3.994344523643045264e-02
4.411104308623459147e-02
3.762769858260428535e-02
4.065468129790694718e-02
3.716270549738842632e-02
3.131377661594925144e-02
3.043682284252113845e-02
2.960655663579681018e-02
3.457649079681157644e-02
3.150249259099968668e-02
3.927715173430135209e-02
4.030190313535308988e-02
3.544334762585377163e-02
3.695150531251112369e-02
3.609620928945744822e-02
3.842099374385066213e-02
4.082375545461847111e-02
3.898769052058526086e-02
4.499236136025430710e-02
4.271501184820047925e-02
4.243507033297477804e-02
3.994006752625756107e-02
4.052710480123389303e-02
4.202494617530794230e-02
4.080403865668058572e-02
4.942166907549783161e-02
4.348403376681453381e-02
4.099858730172023513e-02
4.164086872333649936e-02
4.027163597814897855e-02
4.256904419185092436e-02
3.956790279504129870e-02
4.138491897195883951e-02
3.520686518462756709e-02
4.255707074386494426e-02
3.725749581767612284e-02
3.959567293292165502e-02
4.200976863842731390e-02
4.290709233994549621e-02
4.096258861335488888e-02
3.515991578163024656e-02
4.092059105343404113e-02
4.016529492773823762e-02
4.151765260314821404e-02
4.411184475028351315e-02
3.748524158453481192e-02
4.239975514142146906e-02
4.615137128056767679e-02
4.289218392995275408e-02
4.147902412872106481e-02
4.457331263832386981e-02
4.023401253461456051e-02
4.079146310289427646e-02
3.859292495068089579e-02
4.022696500064881775e-02
3.717762273628233416e-02
3.879396803066814670e-02
3.987464430405296412e-02
4.114244693497637329e-02
3.941827843684375665e-02
4.272688331010998652e-02
4.206905640498215249e-02
4.592247320055520277e-02
4.788866451812312519e-02
4.471754069758215877e-02
4.087191506326437462e-02
4.489768298234109167e-02
4.434803494853234440e-02
4.669858736819509915e-02
4.174380092216978255e-02
4.769663235274501645e-02
4.128521370475546348e-02
4.028941269453012453e-02
4.421991684594495098e-02
4.124971990870696104e-02
4.520084045032257691e-02
4.120468455379455719e-02
4.734420417354279209e-02
4.575475711995569128e-02
4.257971370815072376e-02
4.103494601329993330e-02
4.502997132687802662e-02
4.390082358534597162e-02
4.096628319709427757e-02
3.700220354027772274e-02
4.025707134477585214e-02
3.603127281198492682e-02
4.246058641537509004e-02
3.949560582137445763e-02
3.569063654046278344e-02
3.961970159093564092e-02
4.634173626514570543e-02
4.403983791186627528e-02
5.071690634034720091e-02
3.954523233439788399e-02
4.960686278428783069e-02
4.989168870657145760e-02
4.298180532564588319e-02
4.275541811834537853e-02
4.926828893549295429e-02
4.151490642979771550e-02
4.703756937393732684e-02
4.466183510386079192e-02
4.855444662640318043e-02
4.225824526210031351e-02
4.190758785351977878e-02
4.700870971984549840e-02
5.311050879248835344e-02
4.139000666842784781e-02
4.763228580703948722e-02
4.985410323917349729e-02
4.317906835882379113e-02
4.488257155347241678e-02
4.139285394663483331e-02
3.614522663903452226e-02
3.719192361616618925e-02
3.697176179783223660e-02
3.968677673830889319e-02
3.799265066387746970e-02
3.567713780015102643e-02
3.380067860801894142e-02
3.646609952496904228e-02
4.159270624853972365e-02
4.209775710063157206e-02
3.522532618441198693e-02
4.709962509718401691e-02
4.922036005661212243e-02
4.934824252554825819e-02
4.876352707761766325e-02
5.030794573892993782e-02
5.070965320344056337e-02
4.786573873686439384e-02
5.205240360375684716e-02
4.926703410486377166e-02
4.550592543763309905e-02
5.718019629383652713e-02
5.308041222349135779e-02
5.012089770830918667e-02
5.079651155148479091e-02
5.397594153216944690e-02
4.667501365597326313e-02
5.038380565603617356e-02
4.262614889321625355e-02
4.751849942876384958e-02
4.414582959878554647e-02
4.043238057181852696e-02
4.109773503502101022e-02
3.670991664012879241e-02
3.482377442603512563e-02
3.228403235082488720e-02
4.343400770772953834e-02
3.119309816803861324e-02
3.569387189993245002e-02
3.263498555644384069e-02
3.921345634928874446e-02
4.011480702059389003e-02
3.340757877499012096e-02
4.191881222993787404e-02
3.880917242217840624e-02
4.681359275981877843e-02
4.639847145593822830e-02
5.023588526981770386e-02
5.022546726689247620e-02
5.145703534510692734e-02
5.171828904670228155e-02
4.946765428608701498e-02
4.694182179510253405e-02
5.065025051591431904e-02
5.177555183709037223e-02
5.663161818137352199e-02
4.347392304243147265e-02
4.790304436292647239e-02
4.596599395400158272e-02
4.929941901676659910e-02
4.439950406383630366e-02
4.287315292767557295e-02
4.464270624369515161e-02
4.047817580362123024e-02
3.412295435572021418e-02
2.937576500534566648e-02
3.176877843867886853e-02
3.461454570788635721e-02
3.698646879353928441e-02
3.516151652751275947e-02
3.277956944817450591e-02
3.654537006355651485e-02
3.506348673614700928e-02
4.005764964663116601e-02
3.348087875762573162e-02
4.238649813299621982e-02
3.788925182538793734e-02
5.101541638272433232e-02
4.008693583769096236e-02
4.425041347810898529e-02
4.641359235863218302e-02
4.554539585893202513e-02
5.018438268821867609e-02
4.745091222505992690e-02
4.807700906397460727e-02
4.732791674123415504e-02
5.023702054783729665e-02
4.512907122338560839e-02
4.447072047273081807e-02
4.563705632871206674e-02
4.097787755536774768e-02
4.153787907022410408e-02
3.824988595955725046e-02
4.277536428385664280e-02
3.735755336526436210e-02
3.246330174080069852e-02
3.625007579661287949e-02
3.005124518682400492e-02
3.287108069749677952e-02
3.138916413885839418e-02
4.177188586809066351e-02
4.144566788375048105e-02
3.706117328938240973e-02
3.596042801748566831e-02
3.059673375566651643e-02
2.610477236714547900e-02
3.514264918836307316e-02
3.708159884379957916e-02
3.833601714808221317e-02
3.601068029497156431e-02
3.931571689645396717e-02
4.507736869849576777e-02
4.265114702665906421e-02
4.021003228630082305e-02
4.331405555694756160e-02
4.032685150942905139e-02
4.454821677884579501e-02
4.803641954524273672e-02
4.516396130729738445e-02
4.681692218542510275e-02
4.405460626737811580e-02
4.433746066744426173e-02
3.980416510835382837e-02
3.523791688442567960e-02
3.536067955980781718e-02
3.266111381296843419e-02
3.067851694283874053e-02
3.542728542124917723e-02
2.823444005052078154e-02
3.404457997949927872e-02
3.156150467990403996e-02
3.007010388959274749e-02
3.367215760050834561e-02
3.817751899530019699e-02
3.825811080828733779e-02
3.159474826076857923e-02
2.938363497613849518e-02
2.807116592995573257e-02
3.115676293082980663e-02
3.757872344591284275e-02
2.995871653894566222e-02
2.989219712380997152e-02
3.433721347933937906e-02
3.520846837872015911e-02
3.885733816093717152e-02
3.371893801239700394e-02
3.894609413775862450e-02
4.434071167419340043e-02
3.846074854780967556e-02
4.176674312120631782e-02
4.389644771342648966e-02
3.933054981648531623e-02
3.677888672763085509e-02
3.799391241288052612e-02
3.220287781112807224e-02
3.697258195471553321e-02
3.666394034247755229e-02
3.273307043505502278e-02
3.276212829148361649e-02
2.904552786782410578e-02
3.336875952780227195e-02
3.252800312933601390e-02
3.241896146312894800e-02
2.724732382214956061e-02
3.650510344027813048e-02
3.951306715240132661e-02
3.545693763700352719e-02
3.429174804270118671e-02
3.755018933951204119e-02
2.717746995212166894e-02
2.667612394630758388e-02
2.661315829920862797e-02
2.836084242061964744e-02
3.145663520330632679e-02
3.065152260291981179e-02
3.080763315303647332e-02
2.989268945050449489e-02
3.161231498435901344e-02
3.345654085659699462e-02
3.231975081512539205e-02
3.606597575305681147e-02
3.467311578975662556e-02
3.493250372376133228e-02
3.054041796446282930e-02
3.384907886748322881e-02
3.279943772119242595e-02
3.340481867636713176e-02
3.214973839360268926e-02
2.582119245402791918e-02
3.122890530773769768e-02
3.204195961004652204e-02
3.198411627505759469e-02
2.708683532954259121e-02
3.642124898198551008e-02
3.092384597538178070e-02
3.587905564055748897e-02
3.466444887981445788e-02
3.302985334383645721e-02
3.755236224789992860e-02
3.006507247956502482e-02
2.829235815842379154e-02
3.292085694253366057e-02
2.893259548325888275e-02
3.136406176410311275e-02
2.559645585216774322e-02
3.141797326546669211e-02
2.461970419133319155e-02
2.329885458848446333e-02
2.754421382973992749e-02
3.336912311320450186e-02
3.047309608585235807e-02
2.565580131622446913e-02
2.248425761603911610e-02
2.684281151659062559e-02
2.864600561704522264e-02
3.030774260414714760e-02
3.197510384002955064e-02
3.207361470133962555e-02
3.179305254631303868e-02
3.271438156782657813e-02
3.145022562856158999e-02
3.458997914910932892e-02
3.029160159631416604e-02
3.172344104070834447e-02
3.614727299137410199e-02
2.839802053176976315e-02
2.624523769160358455e-02
2.987164458035573844e-02
2.799704797773605591e-02
