7.087940297293604530e-02
7.784630623484467549e-02
7.966874875634921693e-02
7.797577581314385498e-02
7.888456965914425467e-02
7.301190132208779104e-02
7.391514504676122144e-02
7.051036066430116378e-02
7.271640426136416480e-02
7.383487616842598911e-02
7.034889555804690886e-02
7.555947217120584369e-02
7.849941147025019106e-02
7.106549594738353903e-02
7.226759290636719513e-02
7.168638824290463063e-02
7.474644199103241959e-02
7.822053522041860774e-02
6.417123353602116609e-02
7.087668340608699324e-02
7.681834823133515400e-02
7.366410805704193265e-02
7.471722161977556453e-02
7.148062363852236700e-02
8.042564034107879678e-02
7.352801521597163159e-02
7.455782741616800990e-02
8.342865811683042310e-02
7.913986760673941134e-02
7.524072085383837205e-02
7.377581210586114935e-02
7.258400162869049765e-02
7.265423907737345033e-02
7.124551713449012169e-02
7.510815907517232048e-02
7.573494921680312686e-02
7.332828919477618612e-02
7.170410055063047849e-02
7.909518316520625092e-02
6.786419731258597210e-02
7.065507767895562452e-02
6.905022211557731993e-02
7.127008959371972097e-02
6.968364454494757609e-02
6.683191830797330368e-02
6.956234959649076899e-02
7.103637671410956145e-02
6.685139318173494161e-02
6.995621736265578150e-02
6.727337960958390539e-02
6.407936253325630105e-02
6.985773186414423463e-02
6.860485595387144642e-02
6.953520258941381371e-02
7.513862193777853804e-02
6.602749471146163174e-02
6.785425270736711312e-02
7.443100663727930666e-02
7.536186877749528890e-02
7.212975294142065508e-02
7.378852255785472991e-02
7.417217427208866454e-02
6.997237412787127298e-02
7.243868834041267135e-02
7.421464629328911045e-02
6.767109663364800909e-02
7.299127625689694199e-02
7.208622379422280346e-02
7.374615377522220072e-02
7.145571255115124032e-02
6.728862440946414836e-02
6.972151975868356999e-02
6.837338720600483200e-02
6.290153904586892608e-02
6.403428146263712151e-02
6.444780784204340307e-02
5.784665322261783871e-02
5.909948143512755436e-02
5.773832359047670337e-02
5.992931192081352165e-02
6.199774896203313901e-02
6.039745495291271027e-02
5.737871638867986235e-02
6.149729519469637751e-02
6.363362065796884792e-02
6.398999565295149239e-02
6.363172120261317843e-02
6.969123188053760742e-02
6.925265873608221767e-02
6.962913415144678098e-02
7.376878811956277815e-02
7.438707574447578352e-02
7.808949121327390941e-02
7.451989761666011347e-02
6.636731032716847167e-02
7.054315842066838371e-02
7.073610180150380344e-02
7.064729910541345248e-02
6.795266676162103892e-02
7.240257691920293226e-02
6.772377333730528193e-02
7.159361195969982106e-02
6.258936380749524631e-02
6.265286360383015563e-02
6.634538497660313894e-02
5.989922457228447072e-02
6.142279739076750289e-02
5.590331563715977836e-02
6.039350730108816734e-02
6.068086173277009721e-02
5.584757094031633784e-02
5.650544558121017857e-02
5.978955897867610503e-02
5.890828930846048195e-02
5.527041164737900303e-02
5.178797020353931302e-02
5.538657095706422950e-02
5.980998219712851949e-02
5.949927975888602560e-02
6.536725023580736149e-02
6.490870675731930106e-02
5.995699084247307908e-02
6.493617160574860492e-02
6.831003330542673169e-02
6.213377475072556777e-02
6.373940231183272687e-02
6.980192114979288931e-02
6.436139978752031254e-02
6.752376038606033859e-02
6.353045565204240575e-02
6.721621492270735132e-02
6.710204744633374574e-02
6.372588167324222397e-02
6.771727709033559250e-02
6.156963278615545931e-02
6.193337720750635711e-02
6.095142706334799598e-02
5.647723811907789937e-02
6.132982564004185733e-02
6.076319712961897324e-02
4.912365453553402261e-02
5.448389648625306947e-02
5.285470835441907766e-02
5.443443574005879526e-02
5.724170211812662501e-02
4.898485314432443616e-02
5.341722400135395787e-02
5.262315107875714659e-02
5.403550183548455621e-02
5.057678843443413896e-02
5.533399279978423735e-02
5.711541701236244606e-02
5.932524899282443087e-02
6.233424229313122567e-02
7.147469948987916766e-02
6.787965384815786152e-02
6.216589526346494310e-02
6.832267574378159125e-02
5.625578311701806555e-02
6.967606424807293308e-02
6.399402196484826888e-02
5.879882660954871554e-02
6.860464128959531394e-02
6.197977106103635947e-02
5.687855522236739958e-02
5.969880905930713411e-02
6.476875745024335274e-02
5.804309170192833989e-02
5.670479328391220264e-02
5.594057826363618702e-02
4.847092889692117268e-02
4.938174307093712301e-02
5.053003503525266282e-02
5.226533773432739949e-02
4.983488179828521325e-02
5.036388226904797705e-02
5.068234242005686951e-02
5.117318329775422114e-02
4.919073325314915479e-02
4.973339792257558400e-02
4.971485788951168772e-02
4.977510244936977912e-02
5.307757816793090555e-02
5.509023219358688550e-02
5.867431310702686531e-02
6.059371236193999977e-02
6.061473418513685374e-02
5.977345539780820616e-02
5.953502411868738520e-02
6.304592019351851206e-02
5.884514909938021177e-02
5.564670996899723221e-02
6.155637661777735303e-02
5.775931632392827808e-02
5.424635450084824839e-02
5.929833782670224096e-02
5.133578497861490675e-02
6.144428444572680448e-02
5.786278951652956692e-02
5.436867882519447193e-02
5.992791760147575530e-02
5.152010344589896818e-02
5.317765764824411434e-02
4.946819443145189510e-02
5.176693784179731139e-02
5.012777864086004342e-02
4.516230896756479041e-02
4.333482989513459671e-02
5.293433351596510406e-02
4.950193581141171251e-02
5.022700466350249471e-02
4.967142786513845110e-02
4.738022310648126734e-02
5.260362371382232283e-02
5.730334709384177216e-02
5.367391127159137909e-02
5.332769177327323362e-02
5.877323173347770435e-02
5.655941151125798427e-02
5.016710917324740393e-02
5.521301732653816075e-02
6.230304436500055942e-02
5.985701692181821798e-02
4.879316858531979051e-02
4.992960603630658412e-02
5.960840597935757046e-02
4.750745247235155233e-02
5.590407842679212536e-02
5.630290806131865722e-02
5.167223130448128643e-02
5.202017589616669824e-02
5.144878840262689934e-02
5.335844072195161658e-02
5.018140761374834113e-02
4.646705997538269628e-02
3.732633177319844009e-02
4.383453721684427151e-02
4.875197836755029712e-02
4.428159804977616076e-02
4.825496239815096899e-02
4.452662263611584237e-02
4.065198589205465396e-02
4.555115533223963453e-02
4.428497438675638165e-02
4.121617689000744988e-02
4.928303047592175190e-02
4.760687355962733847e-02
5.448335915264124196e-02
5.482608336934458038e-02
5.466455678123205431e-02
4.951575970229615820e-02
5.193510442814286421e-02
5.214509934190125762e-02
5.573625038195872961e-02
5.267588632440212137e-02
6.073073697912168001e-02
4.996596047583024003e-02
4.663247139168680278e-02
4.968920618714856019e-02
5.663654072010348983e-02
5.050869909313604467e-02
4.733630308950864674e-02
5.395688650809971065e-02
4.721771981034317278e-02
4.982232739697778356e-02
4.623704196768718688e-02
4.590139754068234268e-02
5.116938907063062203e-02
4.756063890011263950e-02
4.686681459263164484e-02
4.541610073033819361e-02
4.929399204467665996e-02
4.660703712913427665e-02
4.007131986795675616e-02
4.736256777012748387e-02
4.625150153903190287e-02
4.751607293202297910e-02
3.627571842593013685e-02
4.945160415965554890e-02
4.367634748994886351e-02
4.966371405572012065e-02
4.877955900141639489e-02
4.636531925554399081e-02
4.788099652199040435e-02
4.387168949417086239e-02
4.777018460203619199e-02
5.288570728273489507e-02
5.559232991324369877e-02
5.479403140324068389e-02
5.068566473273516948e-02
4.668822039822240200e-02
4.434865158328360479e-02
3.892931282291556272e-02
4.148424817783613605e-02
4.647360977730974341e-02
4.798317020786324605e-02
4.374525729974942934e-02
4.410601588402629503e-02
4.273665921237990162e-02
4.481622308543498079e-02
4.618752170010154146e-02
4.759469504080637847e-02
4.086519203543259593e-02
4.242238181748980708e-02
4.268916548820600454e-02
4.070491425812683417e-02
4.225296710230397323e-02
4.116456633037035573e-02
3.715685430927617716e-02
4.231735243343948127e-02
4.431513198686021227e-02
4.184085741412024717e-02
4.785461351772690719e-02
3.989520330326312703e-02
4.107580324309267894e-02
4.151282863252747646e-02
4.265195881141625733e-02
4.304750476708552043e-02
4.596268271816450479e-02
4.552205239165374451e-02
4.169766970376587167e-02
4.481650218418176124e-02
4.451966258447193070e-02
3.915146182428097532e-02
3.671760943041313396e-02
3.489053810746556294e-02
3.674618687894870561e-02
3.584998030619424014e-02
4.165849086342054974e-02
4.339721103435012495e-02
4.039462005342731032e-02
3.880328776994090845e-02
4.320739227860270759e-02
4.268713748465380320e-02
3.952710556911576134e-02
3.826416120932574216e-02
4.285870033633853993e-02
4.028066298882437835e-02
4.456599525205007239e-02
4.124619769595705421e-02
4.073750138012099953e-02
3.670675468188866475e-02
4.112773219931442625e-02
3.703259079633891560e-02
3.445253857917718321e-02
4.029663578803033275e-02
4.111535950611067136e-02
3.215065238792380597e-02
3.814865199580541599e-02
3.600937861083819413e-02
4.437548900064847146e-02
3.906485733147446737e-02
4.263402566476592881e-02
4.016636299407272404e-02
3.861728673970477033e-02
3.434202617632875487e-02
3.453519471473143199e-02
2.755390112481093112e-02
3.827336939297643070e-02
3.691442163448277469e-02
3.300615024258179986e-02
3.854037619206263088e-02
3.496630656038846041e-02
4.091386933394103309e-02
3.115556957245724234e-02
3.945913526980993069e-02
3.581153784550172858e-02
3.733973665344025861e-02
4.684875047803016557e-02
3.699757149104687670e-02
4.438435433517984308e-02
4.035443184922593574e-02
3.770233300801040244e-02
3.209159069532496744e-02
4.703937762732346428e-02
3.983924726980880848e-02
3.658286338553340400e-02
3.221582947793510954e-02
3.356202423222542919e-02
3.397229215273611658e-02
3.375233276966582707e-02
3.787669910252944305e-02
3.486651860840916939e-02
3.896300418023557199e-02
4.060766095177026358e-02
4.174930216199035371e-02
3.310241987533713015e-02
2.745076739174168168e-02
3.266016561737306034e-02
3.234463975289791904e-02
2.865758692952136144e-02
3.381794659336367914e-02
3.688621739014008583e-02
3.207729536209580345e-02
3.366912751710016138e-02
3.475688625354411698e-02
3.867194610838087243e-02
3.763263660501481311e-02
4.335156523130967443e-02
3.843443331106977112e-02
3.736974405548165734e-02
4.234331887840747655e-02
3.879264818747429899e-02
3.655142696737279095e-02
3.120570301113367861e-02
4.362685794378906579e-02
3.137941119671783241e-02
3.501920896741639311e-02
3.254002603785322023e-02
3.360794808057931959e-02
3.199403770041042705e-02
3.136812019251422612e-02
2.965167382923850070e-02
3.208208544710133836e-02
3.352657454079333021e-02
4.170230792735374337e-02
3.547550465738469327e-02
3.497483016437064052e-02
3.126463289470216012e-02
3.014648014587217872e-02
2.818650246264864379e-02
3.089370968053595234e-02
3.205331622985330142e-02
3.173701211502732988e-02
2.287402849162356588e-02
3.920228561002314649e-02
2.746883949583489581e-02
3.335101890114167134e-02
3.900486320635865312e-02
3.545219713719394150e-02
4.120710898383617149e-02
4.120988726441554562e-02
3.657747257266974472e-02
3.305322592598525233e-02
3.883454826113608149e-02
3.220402053673243614e-02
3.181505456399147391e-02
3.188232187576423016e-02
3.139114306305090807e-02
3.079558298601803301e-02
2.892304188963867873e-02
2.532244373631620249e-02
2.936063314877346286e-02
2.924011367330470179e-02
2.735916883224875917e-02
3.259351048230518799e-02
3.141977298738440894e-02
3.405479288921187120e-02
3.250940946597680181e-02
3.468818692893060884e-02
2.623316079570026105e-02
3.184939385659069089e-02
2.872851212624372153e-02
2.768880106480775538e-02
2.762370643551825822e-02
3.084940973771166384e-02
1.978190924850764532e-02
2.356834039207145182e-02
2.896434120306823345e-02
2.756139699235271578e-02
3.973257349081427137e-02
3.519488767968814713e-02
3.592610362181813954e-02
4.213595176280193755e-02
4.187058976062152382e-02
3.483033950024783110e-02
4.021796620589723759e-02
4.171220707210521184e-02
3.097509790925467854e-02
3.339987408718680939e-02
2.944432429613064173e-02
3.152491768385035087e-02
3.490860425050668070e-02
2.799709265525551771e-02
2.238250970284294539e-02
2.547503119164629126e-02
3.164842055661276632e-02
2.838100335613713554e-02
2.702997849900823368e-02
3.758655121919307618e-02
2.929141786872513364e-02
2.818822732407744169e-02
2.980959579712560981e-02
3.096766839509434988e-02
2.686260972337484176e-02
2.542127480941624995e-02
3.080627723244910854e-02
2.575136325106042179e-02
2.931766089063048142e-02
3.032792621807001154e-02
3.178214549317770476e-02
3.549285255173995068e-02
3.178092587390946022e-02
3.634518063441927183e-02
3.751091007270979105e-02
4.153315093101506150e-02
3.387028461366270449e-02
3.299054269696011232e-02
3.353017242569045209e-02
3.049713272482135196e-02
2.907322827038782975e-02
3.120232074650486354e-02
3.099567202288877610e-02
2.407131742518142659e-02
1.835588745481020467e-02
2.370856572031687648e-02
2.782350999780103251e-02
2.242128469103921162e-02
3.203179936926714433e-02
2.753426804671033068e-02
3.136954120758383979e-02
2.952037059897971716e-02
2.358383570525113271e-02
2.877871109418128626e-02
2.537409723170114262e-02
2.359566381587452355e-02
3.216073539680142090e-02
2.526929317740567171e-02
2.353613405499288547e-02
2.465043920084220019e-02
2.224377151918810469e-02
2.434301096992053104e-02
2.573396065831268231e-02
3.099748161704418692e-02
2.770883018371561590e-02
3.852271044634658637e-02
3.738771401285578833e-02
3.696735158785813269e-02
3.837037587356384449e-02
3.498655079626544762e-02
4.129620262089694904e-02
2.977007005915632831e-02
2.404599328175249795e-02
1.967848317278519943e-02
2.194790559940607011e-02
2.381888193896308792e-02
2.151123448509562053e-02
2.075005745414326697e-02
2.011425086632590009e-02
2.042259858284589669e-02
2.497818511345739623e-02
2.877448974145613292e-02
2.647887724553399380e-02
2.994581709477550646e-02
3.110984348665324362e-02
3.345825235692156951e-02
2.707125014509559335e-02
2.805550783131183223e-02
2.760271609026920814e-02
2.172506764203685492e-02
2.085744895411778543e-02
2.708873862195426696e-02
2.059681574990079866e-02
2.275847802898312011e-02
2.408329883065452037e-02
2.042144551264435393e-02
2.856378106052437360e-02
3.259961742152128750e-02
2.906207822603423807e-02
3.556385243139903451e-02
3.519183674003034668e-02
3.531240700043491998e-02
3.083722235782371257e-02
2.586505863871035871e-02
1.992438240984384379e-02
2.363641011361750088e-02
2.039543195008786114e-02
2.172326489699116792e-02
1.579656172178989237e-02
1.644455510448672442e-02
2.350484897561866404e-02
2.511406193857279590e-02
2.672589405700653842e-02
2.667333880037681126e-02
2.634207515217834583e-02
2.785309882013198290e-02
2.331980918992737628e-02
2.739359666816287842e-02
2.208632590757364511e-02
2.601417327890764852e-02
3.317085373899519851e-02
2.572874417145287751e-02
2.452898067741982047e-02
2.267477196649148041e-02
1.566522739655207275e-02
2.350508769095949191e-02
3.043901291272277376e-02
2.574816066294216554e-02
2.377953886864192512e-02
2.860160096993746848e-02
3.534134607948891116e-02
2.565960878863915440e-02
3.226904855379908454e-02
2.824402727235986177e-02
2.873030349039362719e-02
2.306737419296611691e-02
2.231136964531232891e-02
1.876351527509356742e-02
2.165695989655747056e-02
2.656364583324855033e-02
2.373478149196150966e-02
2.347773968215083329e-02
2.771247931347531335e-02
3.233557179114576741e-02
3.230919625726036415e-02
2.371987923081286809e-02
2.869504824196766890e-02
2.367974549545870389e-02
2.221341889124150981e-02
3.204655738669437426e-02
3.003906567825387341e-02
3.036143882295538887e-02
2.420569491755930613e-02
2.765568377339588935e-02
2.985054665647401961e-02
3.198015887609173546e-02
1.875646069218950274e-02
2.107232922958113264e-02
2.145343831033752480e-02
2.367550928281358935e-02
2.369689909456651478e-02
2.497624607965498456e-02
2.476637757738187062e-02
2.187787111757444336e-02
3.243617613572613578e-02
2.433480242438346153e-02
2.643063510183152331e-02
2.479572097247917384e-02
1.929682554861322785e-02
1.739470644149498924e-02
2.385331326338846480e-02
2.741516276225830495e-02
3.252802181381353464e-02
2.365987810408665126e-02
2.946719318305701663e-02
3.029260798650224018e-02
3.268019529325760786e-02
2.181581801462417758e-02
2.522560746112523233e-02
2.443508988773457347e-02
2.846512142613688567e-02
3.034243044432161085e-02
2.622367552330162610e-02
3.211663813911691534e-02
2.862674251185648444e-02
2.626576452297291198e-02
3.381463528119654782e-02
3.249048251017416788e-02
3.053705732789024907e-02
2.995193455826283824e-02
2.515052971280828942e-02
2.890191027831701120e-02
2.465323327953328203e-02
2.630370666818260261e-02
2.850424679504870440e-02
2.209627641865141712e-02
2.721755929597602375e-02
2.741958708852854087e-02
2.808385036768612508e-02
2.427150479071871203e-02
2.508544862449291202e-02
3.254382115132026243e-02
2.828019920319979619e-02
2.510054695313135298e-02
3.122688379073013110e-02
3.022818882970090826e-02
3.208303294043002296e-02
3.208863890012914055e-02
2.640926880604377303e-02
2.842617686063197979e-02
2.877538113797450947e-02
2.336121314069705690e-02
2.450795829997476361e-02
2.763077491725773882e-02
3.545881963231911627e-02
3.159985116487229462e-02
3.069236933752561569e-02
3.318482265112177032e-02
3.776211652812122566e-02
4.101773187788060326e-02
3.010929851313592920e-02
3.517894881833782961e-02
3.156098157125564185e-02
4.145178565027984874e-02
3.448865851130866744e-02
2.880975703813382083e-02
3.786784198762171982e-02
2.929815341404129470e-02
3.486075962311385723e-02
3.411388025384010092e-02
2.722509611245271799e-02
3.366565422029843546e-02
2.738260723675445263e-02
3.164092432461407256e-02
4.078513421137186512e-02
3.350390391093371889e-02
3.911248853431459338e-02
4.044970206446141248e-02
3.436149647822439590e-02
4.132007960605621477e-02
3.643250429344435659e-02
2.310786923187224673e-02
2.199706519940880511e-02
2.491386420925412182e-02
2.068188126056069720e-02
2.763475845166318834e-02
2.958289005515535308e-02
3.159073377585652764e-02
3.749237372824909542e-02
4.352095351048124172e-02
4.276390808243579755e-02
4.478830866756755569e-02
4.478827039061616944e-02
4.630233440923881005e-02
4.001522011445057814e-02
3.804032452306804757e-02
4.849251948785893163e-02
3.545895409722410463e-02
3.790365099437220664e-02
3.575614313829733604e-02
4.122393731465079370e-02
4.342698193818472774e-02
3.455499993656863111e-02
3.946850107090904558e-02
3.743461748975107639e-02
4.455454501226041586e-02
3.789738211788495903e-02
4.333474181649998869e-02
4.301332477093833262e-02
4.324175910997984928e-02
4.862778817333301973e-02
3.768690220746062636e-02
3.220833255273802820e-02
2.376337590767985120e-02
1.954433818296141823e-02
1.525126530207554509e-02
2.345132124079185587e-02
2.595579511006906870e-02
3.052934022716335960e-02
3.775269687310744970e-02
3.756649583070492682e-02
4.560762267897322531e-02
4.411298827210741180e-02
4.833737513740166136e-02
5.179549517688952776e-02
5.078381084979533000e-02
5.017380169676055601e-02
4.887256109172311014e-02
4.362095946392408052e-02
4.195478359742077501e-02
4.317402653724089490e-02
4.744087136214636402e-02
4.756089937025986814e-02
4.451857187464858256e-02
4.698788491687366786e-02
3.874415211151482907e-02
4.909663583944245957e-02
5.191563472113402966e-02
4.817545665760070150e-02
4.726693193173980845e-02
4.906523854589250888e-02
4.691575447112272812e-02
4.243186627371198227e-02
3.497895634416536836e-02
3.076256679186561982e-02
2.751782147033043913e-02
2.278345812990867358e-02
2.484116273275649434e-02
2.146344169332081719e-02
1.857501980480247283e-02
3.091093556590651659e-02
3.287207486971777115e-02
3.582578167454020246e-02
4.626846562736330881e-02
4.739706909461594009e-02
4.956008840618730815e-02
5.124343711119339062e-02
5.834687800185722750e-02
5.495753134972103382e-02
5.000199072970756831e-02
5.408258943620003478e-02
5.240898909505364855e-02
5.136925623270061081e-02
5.042197133790038421e-02
5.529484679825324989e-02
4.900189322427639382e-02
4.924519488505740838e-02
5.094553749051833336e-02
5.445833244665720940e-02
5.138870668480954862e-02
4.967926011889778337e-02
5.337132581467196601e-02
5.719402221353275806e-02
4.831413878955270746e-02
4.316534782525049962e-02
4.125697303967124085e-02
3.496357285329265707e-02
2.800616405706346512e-02
2.408715553977103241e-02
2.759858012506377634e-02
2.267075940422369484e-02
2.509357330083661353e-02
2.675135541804340988e-02
3.126558000359080935e-02
3.034006489984930610e-02
4.785823894163909742e-02
4.552222656057525185e-02
4.894167573607255406e-02
5.357170409725231508e-02
5.621268691711867049e-02
5.741179256694417532e-02
5.056199108496661765e-02
5.564205841026526045e-02
5.822672358504821233e-02
5.316718923643026784e-02
5.815395901992026495e-02
5.468964001796239316e-02
5.187654567959398832e-02
5.382159562504540418e-02
6.161501132063262887e-02
6.032987741342443755e-02
5.239454935865106577e-02
4.857821021199137945e-02
5.584325089605846060e-02
4.984759839225771927e-02
4.677960272154102483e-02
3.830589574376652706e-02
3.925703875621344707e-02
3.249302218306038270e-02
2.104150653373926261e-02
1.987373672431846927e-02
2.138274154403196903e-02
1.773692101645840680e-02
2.191376019725721491e-02
2.555014156240886791e-02
2.779193125584633606e-02
4.479312111936772922e-02
4.259282471821590477e-02
4.575595030445178679e-02
4.524764314012008626e-02
5.502267747452282975e-02
5.453376335095505567e-02
5.211021018645967118e-02
5.229346829557179888e-02
5.771158154431521581e-02
5.561514228017783168e-02
5.610183051019745903e-02
6.025593600195211508e-02
4.956242148732581398e-02
5.542521463860028419e-02
5.581653411816445143e-02
6.117670699674127022e-02
5.503988240854562619e-02
5.469732863739995565e-02
4.866392999104318662e-02
5.006010432035346014e-02
4.785481444868100454e-02
4.516929152567961125e-02
4.074819988888611633e-02
3.531593730146154186e-02
2.542431052086335797e-02
2.499941835504237986e-02
1.807467833049569705e-02
2.947053114317021993e-02
2.340546333515680644e-02
2.093796951988169397e-02
2.057734384895848478e-02
2.722596166735025136e-02
3.107415324323881123e-02
3.991145647344707115e-02
3.716302248254965690e-02
4.208735523697715308e-02
4.733727208867977154e-02
4.844182149718490038e-02
5.079066743711813103e-02
5.323554287798426543e-02
5.125990739151475850e-02
5.460393602837720906e-02
5.256342686714843282e-02
5.677581394688724359e-02
5.537285001997149791e-02
5.261225170855743372e-02
5.511274127378174015e-02
4.834821521041110515e-02
5.424137333039880104e-02
4.157593460107866790e-02
4.730956830152210912e-02
4.334536520970555529e-02
4.103158023410324873e-02
3.148602341871287180e-02
3.684308051209272961e-02
2.970001991136328456e-02
2.627816266471505458e-02
1.941554703562831108e-02
2.621043778123111068e-02
2.012849769421132251e-02
2.248650398303420062e-02
1.922592054207061807e-02
2.698699792521086493e-02
2.901883097269264411e-02
2.912248291359675889e-02
3.431044742710120943e-02
3.061974143032708540e-02
4.252661392691692299e-02
4.262790602868093970e-02
4.493571083377023712e-02
4.161673360873052729e-02
4.532715967060019224e-02
4.904944783056830460e-02
5.075733588452724376e-02
5.057050649337568871e-02
6.029072753185849010e-02
4.957353279870302387e-02
5.318344787001683116e-02
4.258347772031711997e-02
4.157923769787341683e-02
4.547996912292973093e-02
3.990982749524718542e-02
3.881349102597164702e-02
3.783140153544417572e-02
3.478309408763546884e-02
3.426688294766710996e-02
3.060897467295742302e-02
2.633030689000648294e-02
3.038104122199491997e-02
2.171575052221585977e-02
2.373919862683671056e-02
2.423315251098756562e-02
1.850763850524339560e-02
2.658445724120372944e-02
1.869770553770555566e-02
1.881897053332481917e-02
2.186495229898399728e-02
2.518502872007299942e-02
3.424617867022528017e-02
3.432668396653815179e-02
3.367165713020092710e-02
3.903421678579777065e-02
4.026088539738870153e-02
4.020742322845771710e-02
4.370663795610285618e-02
4.156964297002829767e-02
4.183008777801777711e-02
4.677805065155649089e-02
4.306367529765964264e-02
4.426262819491810774e-02
3.839073538253856555e-02
3.854291876038207221e-02
3.550527778011147717e-02
3.835105718283360332e-02
3.251812700063938522e-02
3.244204639426095937e-02
3.471127032841403448e-02
2.694801301766425183e-02
2.861489034405417797e-02
2.734813843964456481e-02
1.925735126337047021e-02
2.582905221840681165e-02
2.569225005731645695e-02
2.260072576368354902e-02
2.810002207143735831e-02
2.168019170433543863e-02
1.967398191705127530e-02
1.983776608299425703e-02
2.664747526907840225e-02
2.387682259838008747e-02
2.278277686095009358e-02
3.014088284034999177e-02
3.182723835082468256e-02
3.221652774444905276e-02
3.255169020005110880e-02
3.263442255600867981e-02
3.798636457783732823e-02
3.738606469301197777e-02
3.606954840536680251e-02
3.615537543554525612e-02
2.929638800218015149e-02
3.233494601814257408e-02
3.703725569134119766e-02
3.168147801225407179e-02
2.779011383600193952e-02
3.346567846427062065e-02
3.205207708604174144e-02
2.811341003819745055e-02
3.002032190727632610e-02
2.297569617513595119e-02
2.602894277441691884e-02
2.717185600590754646e-02
2.349694621312226062e-02
2.286386529307726789e-02
2.440668501883003216e-02
2.207770337012204820e-02
2.347330053072660405e-02
2.124522750648916158e-02
2.160377387677803185e-02
2.687967343758046468e-02
2.563326261170661979e-02
2.883614098952103078e-02
2.506087442350679595e-02
2.023225709320497501e-02
2.729770478094550867e-02
3.016205167388408270e-02
2.645590875602898961e-02
2.725465293768403185e-02
2.431373899969546670e-02
2.767613073549490821e-02
2.620104814367030244e-02
3.060188123095297641e-02
2.681462107417376117e-02
2.689872470518173131e-02
3.235056782728040758e-02
3.289199288972488588e-02
2.532203646799002783e-02
2.221335273116675779e-02
2.654551816109718132e-02
2.558182734452962848e-02
2.727540650545234868e-02
2.968678130265489656e-02
2.647587428997821846e-02
2.203595237182875977e-02
2.171173415300131637e-02
2.567354087978879207e-02
2.648778847426358496e-02
2.562077553241248751e-02
