7.523385951601587740e-01
5.834595459695745001e-01
6.050322144983030226e-01
3.272972435288515891e-01
1.287907193452425547e-01
5.167364329100250231e-01
1.666737326646005046e-01
7.583939122712777259e-01
6.778821808140083061e-01
1.018638052444276187e-02
5.700459262950728911e-01
8.703031567919874423e-01
1.380710124155459795e-01
8.248783546422846502e-01
3.103712372669377162e-01
9.176630450217720947e-01
9.847970959240865962e-01
3.497176991428093684e-01
6.574355253315176117e-01
1.595376287533031290e-01
6.273572299605645330e-01
7.378961238626664532e-01
8.330425966041977714e-01
2.662864748413384941e-02
8.410901643741842681e-01
3.084590161456033375e-01
7.003937904949286697e-01
7.772773545114096683e-01
4.108133621088084775e-01
7.788415182018616489e-01
2.343402999720229918e-01
2.420800404095202474e-03
7.839678943025625291e-01
3.943202080863680292e-01
9.443582582949050508e-01
7.022229475079334593e-01
7.230781150272768132e-01
3.937266816079642018e-01
5.703902679554040400e-01
6.340544223675891322e-01
9.262882361528208541e-01
8.154665189161680594e-01
3.760808060184663848e-01
6.101862152340385981e-01
6.908655266217116342e-01
7.426800478426210939e-01
7.914121347188171063e-01
7.200277278499989109e-01
4.109250670942421468e-02
4.154618621429099212e-01
3.717499215051299766e-01
9.112483683516456878e-01
7.438803473404310695e-01
3.330822109357434169e-01
2.251362100227803920e-01
3.639906503495649037e-02
4.111976163498676229e-03
9.379974110309809987e-01
9.761520823343017295e-02
1.970157665874805453e-02
8.360930183338152188e-01
9.060195880678240110e-01
4.942127388856815129e-01
3.579113297163587504e-01
1.416442583534271993e-02
5.653277518258469359e-01
4.585303307997014022e-01
2.536317430702458298e-01
9.650226637563054100e-01
1.533563324470401668e-01
1.103221510141283446e-01
7.461518723373219419e-01
9.329751971528201793e-01
4.464008746083980572e-02
6.389365323076585668e-01
4.631366704022472636e-01
3.800156436916132252e-01
4.355798471867136090e-01
5.595618680807256107e-01
9.034169813776929958e-01
7.039500357800165808e-02
9.123521868146418079e-01
5.237581010345448984e-01
3.820646596102105219e-01
4.993449997146511832e-01
9.682767199897158727e-01
4.902330584807712555e-03
8.432803913399105067e-01
5.507437556045455818e-01
1.216579293478415869e-01
2.195794471699488160e-01
8.716226808929855574e-01
8.901734026087742002e-01
1.828147766712018285e-01
9.375670075892876820e-01
3.839921246146325018e-01
8.577108750148406680e-01
1.223397901878382488e-01
8.600332944201264374e-01
8.731456756773330330e-01
1.267037164510323999e-01
8.628768633791104037e-01
5.856427786269750024e-01
8.857244938055910399e-01
9.581942934681190183e-01
2.734883258981479770e-01
2.578709424002468831e-01
7.840607366234061404e-01
7.577373872684141087e-01
8.846579795231563903e-01
9.161971988406220069e-01
4.444752641306057850e-01
3.501756313554750255e-01
4.316027943987134075e-01
1.762121162049233858e-01
5.550205077409312571e-01
4.978690762462848474e-01
7.269690750574531179e-02
4.833433278749236228e-01
7.378900824723065854e-01
8.091077310106307152e-01
9.947664254012629215e-01
3.022677356346148425e-01
5.950036512036422920e-01
7.399968006712791535e-01
2.667453482965869149e-01
7.113427428237225625e-01
9.151742665392471610e-01
5.752860085007666102e-01
3.828833645962123056e-01
8.302812245333609509e-01
3.026161285573694126e-01
3.227175568432609776e-01
5.285936489487774725e-01
2.707286863886243511e-01
5.691559211536045826e-01
4.505176521120294320e-01
3.766983644575683243e-01
5.557869878487305959e-01
9.124418973345204131e-01
4.217938905116843662e-01
7.440570722203467824e-01
4.527088846363385155e-01
8.173480644531873063e-01
4.183904510492327811e-01
3.161982929196262004e-01
7.023862622701294578e-01
1.535369044133986227e-01
1.564804530991232845e-01
4.378521005278689371e-01
5.732278023361142560e-01
6.871126637062457965e-01
2.205168520779604568e-01
1.065505389784036083e-01
1.927850455379856998e-01
1.698388479540073881e-01
2.457734066922436789e-01
2.699854207033702824e-02
3.814141957492991342e-01
8.228291303247889932e-01
9.373445770300506963e-01
4.108790542608379281e-01
5.824269099479062461e-01
1.189927618305745005e-01
1.652991340587020019e-01
9.509376341196162929e-02
2.304877243787653018e-01
1.681533540181264774e-01
8.492254070198489435e-01
8.270810127619210306e-03
8.339880919405674442e-01
7.124016671505408738e-01
1.881434652714469857e-01
9.221540842006005212e-01
4.663140599079258486e-01
1.490346273297413759e-01
5.611591951228227515e-01
1.906290902782691310e-01
7.763331574646340494e-01
4.937090543579967239e-01
4.143413734352133782e-01
1.002383561155439917e-02
6.982054630960384811e-01
6.614622825217851831e-01
3.850740469769299290e-01
2.899733543645500733e-01
3.525887202588067204e-01
7.680011506602246740e-01
1.443804171737744779e-01
9.684926299763579882e-01
7.712256155357379850e-01
3.478337392575212572e-01
8.604811258901611248e-01
9.573271767012566658e-01
2.883987556664537877e-01
6.783020805515627139e-01
1.485697658611410121e-01
4.748669278066032229e-01
4.824986944531829414e-01
8.165069049952685676e-01
2.090392217171277434e-02
3.927159112923925832e-01
2.982635955463895927e-01
7.255571523408288481e-02
4.494197850553383056e-02
8.944996021262430208e-01
3.538210186087759057e-01
8.743658764339697909e-01
4.846474073890948420e-01
4.144692637706524074e-01
7.524257908244720294e-01
5.499536084651548418e-01
4.499821142539230934e-01
4.261637691841118070e-01
4.058297380163448098e-01
9.874345505725524719e-01
5.496746336452035253e-01
9.034407195081460840e-01
4.362044201456222181e-01
9.054920631872991343e-01
1.306536601373908812e-01
5.752172614281990670e-01
7.244694280457649738e-01
8.567293013591880113e-01
9.076393030302254417e-02
3.090147855024237833e-01
9.869963451855825465e-01
5.247722734639832520e-01
6.629172997339659590e-01
8.575590895612303921e-01
4.695867930533099699e-01
6.872780415871240223e-01
2.427108122073351471e-01
9.897724313292103338e-01
2.999198417757599211e-01
8.677227479389115761e-02
1.020912375108390391e-01
2.753356641975760466e-01
6.915431048430275007e-01
5.567364589245139550e-01
2.987139882059522966e-01
6.988054309274360776e-02
8.979211200413712568e-01
2.949942284496944733e-01
6.114404747973074539e-01
7.709339979449234548e-01
3.954752299661982162e-01
2.161605248874765017e-03
3.483338381431052566e-01
1.755391586456814812e-01
6.613685141941311185e-01
7.934788076670695744e-01
6.012725202420957649e-01
5.106650386567685995e-01
3.830053461601596876e-01
2.726959303060343398e-01
9.153890706172351788e-02
3.050446098470734890e-01
6.883598985141815563e-01
9.544209849879955465e-01
6.222599779118461738e-01
2.090738514350161115e-01
1.321663002478004056e-01
4.851253051137029981e-01
8.143232827183795042e-01
6.263754959867098293e-01
9.505469763190821375e-02
6.883571188992657630e-01
8.618662653626625314e-01
5.863773512384704567e-01
1.101706478278192680e-01
5.098220945385281144e-01
3.637493996298368781e-01
2.814130232240947826e-01
2.622170926718822015e-01
3.809113503316519100e-01
8.441181226149593320e-01
4.053579039584255250e-01
6.256499793328594849e-01
5.395272641001002123e-01
3.696662047220047320e-01
8.921533822577509820e-02
8.976015175637110932e-01
1.869392353580436872e-01
1.992773377316767736e-01
6.406615283580878728e-01
3.024687498720073364e-01
5.651169148710016854e-01
4.168805809516151761e-02
6.609867639923148186e-01
5.837382061556722901e-01
4.746434818601067418e-01
4.859929886872845772e-01
9.693920373489920417e-01
5.464853890202672204e-01
5.090503425202241861e-01
4.223412039201638324e-01
8.276989053324834700e-01
8.673103594710565023e-01
6.003961654650444846e-01
8.521461179931538732e-01
3.698884754122058194e-01
4.763390642937713748e-01
4.859712619748300932e-01
8.527256148929309720e-01
9.703051713865051831e-01
8.572597877610638184e-01
3.804559618602738613e-01
8.631218587466150671e-01
8.176542706367433411e-01
2.753698362144595402e-01
5.130430504307457173e-01
8.175120332356441422e-01
8.294851031784244988e-02
6.753097158008330991e-01
9.849643140048950363e-01
1.168963600195878083e-01
5.026188406897494909e-01
2.754197163472853482e-01
6.581777064892770923e-01
5.971038856769125269e-01
3.594715383579917267e-01
3.994107327186735557e-02
1.978411504950172706e-01
2.409243059427668143e-01
1.795635704783837827e-02
1.890285753875775576e-02
7.149124261086989840e-01
7.057808074414743116e-01
7.183850702895129281e-01
3.571254615608476790e-03
3.775943002073602894e-01
8.308648669896578909e-01
8.095552146036921748e-01
4.024549412709359508e-01
5.551570090204727137e-01
8.147436838455874852e-01
1.582416634295525926e-01
1.401380379392259679e-01
5.552296980096543821e-01
1.445242931746462123e-01
6.948105473779163654e-01
5.081537038249334115e-01
7.899517884240971899e-01
2.558515670335150816e-01
9.454881751761637920e-01
6.218061634598568421e-01
5.344269244618474746e-01
3.758996627480253316e-01
2.914109650002739693e-01
5.456749816304889977e-01
3.325009265239057266e-01
7.789050851235012063e-01
8.437829603588130611e-01
8.354603015117357812e-01
3.215225647611846815e-01
4.386039988040993931e-01
5.636311251512708953e-01
6.103730395456182789e-01
8.358822953356485064e-01
9.338935589377101998e-01
9.984080204581784468e-01
1.491257334083557762e-01
9.584316922084984425e-01
1.895169543185314387e-01
3.355703030575136747e-01
9.314782534050284335e-01
3.323886953773268482e-01
9.744993415865000896e-01
2.471286930975516993e-01
8.836790218816700238e-01
2.997573064471548143e-02
7.835144303679555389e-01
9.154787369450286816e-01
9.757551974931497618e-01
5.690375537989210697e-01
4.643051675474271223e-01
3.611803693442049434e-01
4.990017561684548797e-01
9.775676517294120682e-01
5.719116418258304302e-01
3.587565485676119659e-01
5.186064556117900848e-01
3.509651968102788233e-01
9.712715448260411666e-02
3.666847732947631222e-02
8.158426787863855001e-01
1.250580114764987538e-02
2.207541893405564615e-01
6.602718217469882855e-01
4.640792005068781201e-01
7.967785700829149720e-01
1.002963421282266898e-01
9.275543374067625191e-01
3.244155239827848369e-01
5.771740680768555620e-01
3.343987586132178835e-01
7.668461755712290273e-01
8.771512959681072585e-01
8.745267849983567876e-01
6.495018596757751173e-01
9.171040989171440616e-01
6.575494444676588390e-02
6.241775130805859995e-01
2.763526833390529402e-01
3.609649048854620679e-01
5.919627176269512958e-01
2.997852824504670943e-01
7.173312570871368532e-01
2.857855304329864898e-01
4.818063052124363921e-01
9.296700947144884708e-01
1.339130948900889573e-01
8.062467576745895315e-01
5.009446794182236262e-01
8.468533803292151996e-01
6.337160642286264745e-01
4.309995832293426199e-01
2.651713216398400297e-01
6.328171447883342848e-01
9.952410424379906084e-01
5.709383290364434815e-01
1.540779747320899506e-01
1.989130792094973010e-02
7.120551707727207358e-02
4.478883075395229119e-01
5.843329382629881552e-01
3.816182784278455697e-01
3.919448068694662002e-01
9.550995166130349379e-02
2.457558408516036241e-01
7.679937873769994150e-01
6.367764432397010621e-01
9.272351319229327204e-01
3.725071541283122567e-01
3.333130572081207665e-01
9.283202864425551537e-01
3.501698488045232871e-01
1.463722743849839025e-01
2.050428793109372316e-01
4.692547561629897279e-01
5.760935784248110147e-01
3.178789911353677722e-01
7.083328287067147677e-03
2.903725514827260046e-01
7.379809700401411821e-01
5.980090867529169740e-01
4.612455653981976100e-01
8.865676762955858603e-01
6.572475150406309474e-01
4.006313265597978290e-01
7.714008536364681534e-01
7.230988163600313712e-01
9.367211009582856462e-01
2.757111893774044642e-02
5.136258722442321734e-02
4.337667713284913962e-01
5.679711596771490623e-01
4.548179822490574509e-01
7.620089185843690327e-01
2.161506812564020219e-01
7.343831127287353544e-01
9.723648081527591636e-03
3.295670502346235153e-01
4.216102625534379200e-02
6.824838098062813163e-02
1.983167164982970743e-01
8.423454193564265946e-01
2.106505923247452561e-01
1.923956206232345645e-01
5.172184036014987329e-01
4.944958470271101358e-01
9.335476216394023030e-02
5.828348633138999979e-01
9.957751526049444246e-01
9.834340354640501713e-01
3.498389630040131815e-01
3.092804882660007415e-01
3.704689016897527720e-01
5.371899753497395569e-01
3.165105980048074086e-01
2.972836981107641607e-01
4.345958904485166530e-01
8.998383507933630510e-01
2.225400636884624639e-01
1.907942706219067919e-01
3.579081186323054276e-01
8.362525543627783442e-01
6.388065903966581027e-01
2.945410934825176685e-02
7.343001056663396309e-01
7.246458640229824777e-02
3.687782460643718174e-03
1.083021094326251932e-01
9.220734550384497297e-01
1.552491439065878387e-01
5.079529663018279573e-01
5.395587349517824149e-01
9.978185699326223013e-01
8.694458634117777640e-01
7.740881288455682130e-01
3.756909017494606262e-01
4.474491441315953111e-02
1.508653410087137381e-01
5.379597781666995981e-01
4.640579865654963498e-01
6.594258955767691166e-01
9.091009936176315254e-01
4.138384379803338176e-01
8.138218937563617139e-01
8.771310094162274584e-01
7.256034354623941418e-02
3.598637060222886763e-01
2.996068012680670467e-01
2.421884374272441631e-01
9.436481498161828352e-01
9.038647277585536433e-01
5.530763552224446933e-01
8.808109380887610973e-01
3.484744082959723155e-01
3.749214211922003992e-01
3.366056810716294700e-01
1.187359808807834094e-01
3.588302841586555880e-01
1.864338368039419880e-01
8.263193778119440891e-01
7.206614435782777717e-01
4.268065494896444712e-02
6.543596158000045682e-01
6.753902067499333306e-01
2.420473327621086579e-01
3.335130633672811484e-01
3.092983921089762500e-01
1.453018589465204791e-01
2.593117238847624240e-01
4.202936310109659512e-01
1.161494915127833094e-01
7.566525727872713825e-01
2.530481220123440567e-01
5.657031241575688485e-01
3.277262840038029923e-01
5.001479884723536440e-02
3.939483896308964006e-01
7.749558318149694092e-01
4.906357658094118168e-02
5.434942322588320884e-01
8.022066915599390668e-01
2.712248441141569266e-01
6.216071772007125684e-02
2.617018552871548387e-01
8.973691876880868223e-01
9.782663820646155806e-01
5.267595055800834425e-01
5.531415706634856821e-01
7.227113481868863154e-01
5.249677412297787393e-01
3.569609264603325061e-01
9.828851620401105604e-01
5.849387813208541953e-01
3.553053058142332521e-01
6.707318729725567641e-01
7.775438442631131819e-01
4.165497372805894161e-01
2.627989184298328285e-01
4.007105588408819141e-01
1.401133630579274314e-01
3.316997810196897767e-01
9.446268722124314676e-01
9.157053040649618669e-01
2.479765010919254831e-02
2.472590382579953339e-01
4.561701955429042776e-03
4.660730363949366906e-01
4.440293358844994431e-01
1.272103128455276400e-01
3.411725899930018180e-01
6.222025226559551037e-01
5.199765876119144536e-01
7.235922642543524130e-01
3.980946535608879122e-01
8.455123632009303725e-01
5.939977761323350647e-01
7.910518159337337485e-01
2.448406755824599212e-01
8.232397805597152507e-01
9.056163451099924488e-01
2.502448729833061103e-01
1.451091369418641142e-01
2.737516443588982051e-01
5.592329568990647148e-01
3.565610099711079561e-01
4.703255824526609841e-01
5.636259918542824154e-01
6.884362638611372098e-01
9.520873037162481678e-01
3.914218759786411983e-01
4.982203964162279508e-01
6.346654346944831104e-01
4.445197127951195926e-01
2.937339076463150178e-01
5.410894502774404868e-01
2.311534643866695049e-01
5.097601486349353506e-01
6.219088909960035494e-01
7.522385144382505162e-01
9.616936908464490674e-01
9.850785054348942804e-02
2.902999803120865918e-01
4.029271687973137173e-01
9.290221169850272354e-01
2.100578099516982045e-01
1.451194124045445122e-01
3.037875053430205696e-02
1.172560518700230814e-01
3.957921542246686242e-01
7.376056528473778906e-01
5.401002966034035291e-01
2.681568743505596819e-01
7.633598399304241111e-01
3.313835729393129759e-01
6.191500178801780940e-01
5.389401000101136097e-01
9.897135644174848146e-01
3.644176942843730949e-01
1.556063809426446731e-01
3.349704784816609493e-02
9.537782330885347104e-02
5.488597265722799934e-01
9.307319832454398201e-01
2.846298529517592435e-01
7.619746560615380249e-01
1.408223973279554286e-01
3.478890027119470041e-01
8.864698481158713728e-01
1.175187181725640961e-01
4.699602947768932726e-01
3.097788665638493422e-01
1.940221051686946696e-01
2.618841260354287659e-02
7.634351948850709446e-01
6.506612628273737986e-01
4.388326602559011747e-02
8.830032347579099827e-01
5.026270230682976514e-01
8.296211569507661032e-02
9.626114591465739778e-01
7.022102406815584619e-01
7.581136116744064957e-01
3.563269922089834507e-01
7.538568778252641156e-02
3.855269426021120660e-01
3.742676232660822055e-01
7.866126320881732248e-01
2.333186126495300217e-01
1.144962117413402813e-01
4.224848458387407968e-01
2.325221453788927084e-01
2.569060384797289265e-01
9.502227501858412362e-01
8.639063284661560038e-01
7.132006613587815735e-03
7.484787844613526309e-01
9.715494544034894986e-01
4.960646866174561742e-01
8.240943528974726817e-01
2.825406105448655669e-01
9.035846908339474348e-01
1.195089725786721013e-01
8.869413623783457545e-01
4.668571895414070916e-01
7.632403242622113337e-01
5.071689473076301802e-02
9.769195223269249162e-01
4.817868389191305445e-01
3.844115263345811995e-01
8.873936429452877750e-01
4.322130743973819911e-01
2.470891797174182836e-01
1.231876303342445134e-01
7.677423680537813766e-01
4.256923180418035191e-01
6.835840723594293067e-01
3.792692475880027336e-01
4.235284054447518987e-01
8.914824186054207678e-01
9.204886047539594385e-01
5.606232888545262805e-01
4.642813872188709112e-01
6.738489826943940830e-01
3.985774732577120893e-01
6.908095361386000777e-01
8.485384606491745973e-01
7.165458025401777453e-01
5.665704788115829560e-01
3.708251610052782921e-01
8.728012492500680786e-02
2.740465830059123364e-01
7.970227247244182633e-01
4.161765980147177357e-01
1.188804758605357392e-01
2.986009244691594233e-01
1.555731361236322163e-01
3.199373585617873994e-01
6.444552889540267060e-02
6.767094144695046110e-01
8.239084196135509908e-01
9.299865710269361596e-02
2.524113876838862680e-01
9.770517998289196537e-02
9.116487966478822313e-01
2.199352761223968278e-01
7.179717680577727412e-01
8.289974766307738330e-01
4.176372783189548077e-01
4.553180707504667080e-02
2.281149811006483175e-01
5.617565497550479625e-01
8.449491998646458946e-01
1.521274890862590601e-01
3.352704894237397149e-01
3.312875619227659829e-01
8.357243328244036151e-01
4.958477636881868378e-01
6.691526904222221406e-01
7.025998560895909684e-01
5.773422136760951728e-01
9.740565487036734194e-02
8.151633624887366647e-02
9.769133473514052257e-01
5.641173280514244492e-01
3.011082025394329342e-02
4.930470394419358415e-01
9.854708422150630920e-01
7.567482740923172635e-01
4.543969972662187384e-02
4.345142145912862519e-01
2.401082796755910076e-01
5.441810945571518010e-01
7.609113640984610516e-02
1.082050310914279834e-01
5.423269633520525490e-01
4.375501623336808255e-02
1.489680146958313189e-01
3.423219484529217427e-01
4.587912501122147768e-01
5.042001627113505968e-01
6.387815389117053044e-01
9.185751782543591926e-01
1.432398860170706056e-01
5.831060539732327852e-01
3.082236870560846054e-01
9.863237996745427560e-01
5.193003925113601760e-01
4.750510854899058222e-01
7.738110048049989809e-01
5.283833913260884696e-01
2.006193701902848625e-01
5.020332272543115426e-02
1.324358618604708493e-01
4.096602917563333390e-01
9.494198424830931904e-01
8.126628401147113490e-01
3.924052962435444769e-01
7.099380127961140152e-01
5.496803789038725574e-01
1.908444409398872832e-01
7.807216183133753873e-01
4.801845560659374623e-01
9.682146937220332816e-01
1.955167270694067039e-01
2.348961064018495470e-01
4.736270951983262423e-01
1.451125298861072332e-01
6.323503815261098948e-01
3.628174973097151312e-01
8.855339274395335192e-02
9.952834929726915858e-01
1.146560991256210249e-01
6.619959691330764562e-01
7.918953949822972183e-01
3.016475314841855493e-01
2.957709143459120726e-01
5.054579273645743998e-01
7.971497103277846996e-01
