4.796191917765333379e-01
2.238778082117864887e-01
5.863403345538010791e-01
8.825973007929572844e-01
2.035512749719932124e-01
2.313746543771777464e-02
6.750736545000601829e-01
3.937672830646243849e-01
3.357829765034628933e-01
7.231943333053568734e-01
6.008847947943707357e-02
8.214006349913859362e-01
8.256918919865292583e-01
6.964447802114406283e-01
2.144130418914715897e-01
6.980415249995077787e-01
1.063107675462598989e-01
9.949808669122289784e-01
2.690148835937603566e-01
5.150293612451981584e-01
1.935461305381996899e-01
5.799393338559498678e-01
4.993319428842841745e-01
7.832463380983369916e-01
9.864713896057178966e-01
9.755246108729259680e-01
7.245387124563330561e-01
9.543305405267054065e-01
6.255008861541855314e-01
5.905177120566655891e-01
2.176184144852703062e-01
5.993546357289312176e-01
3.860377893903088609e-02
1.424409089166778219e-01
5.479164993156566688e-01
5.153052574680380138e-01
5.404321034260725076e-01
4.435309950563317560e-01
5.143394681555176762e-01
9.974753228168266039e-01
9.659071179943923280e-01
6.734143701120033354e-01
2.408492336219677510e-01
8.219386814268021535e-01
3.628972030964849882e-02
8.407471064886195000e-01
7.462756753107300245e-01
7.628560746133177251e-01
6.330919288943152035e-01
6.538814126886373090e-01
7.241340346955342788e-01
2.709256562542743385e-01
4.665865907494036735e-01
6.354140677703125073e-01
6.417702899280601780e-01
7.835300663559533474e-01
1.294252243035810546e-01
1.747625851282458287e-01
9.966876152896327890e-01
3.545071409306260746e-01
2.583754954098059775e-01
5.570651485502883249e-01
4.693392839702481556e-01
7.071407315276858618e-01
5.068388607821120440e-01
4.282469388044671810e-01
8.679942596187334436e-01
6.160114922663588732e-01
2.577719059299474758e-01
7.072433029408635718e-01
5.590276545364687433e-01
7.105036549521362987e-01
1.394542289541348401e-01
4.548804110173865212e-01
4.828086453857580729e-01
6.016112907273594157e-01
4.461570952499138709e-01
7.823762973366080731e-01
5.167640597702765071e-01
2.012100372741947307e-01
9.963116505627751529e-01
3.458507767573667513e-01
8.905103591632143045e-01
3.697406309135009561e-02
8.834694412753736348e-01
8.935174388306102999e-01
6.171961888188073342e-01
2.158576476755568185e-01
8.762682189512746023e-01
8.983883955600923121e-01
1.656142320159721404e-01
8.948705417914163407e-01
7.653015203370334696e-01
3.654457137393043453e-01
6.432604322210792036e-01
1.360597172238982022e-01
2.766310185763399820e-01
2.571449426611048805e-01
4.068173073336155410e-01
4.086672677776088669e-01
5.134282467514451609e-01
7.980706252126706923e-01
1.214415289643780982e-01
8.386258519233512621e-01
3.626914938346577078e-01
7.143319864799970720e-01
8.634153337365119141e-01
2.739571213941072170e-02
3.578083129687892328e-02
2.627733183660607708e-02
3.577799272799346841e-01
7.738413517758415683e-01
1.558862825968002630e-01
5.369548666499809331e-01
5.246353959252644250e-01
6.844695742639581582e-01
7.308257372833837362e-01
7.021114406655212248e-01
9.578927027187739141e-01
8.532192956112103488e-01
7.849781131365898279e-01
3.235682862653955771e-01
5.577672380810742014e-01
6.288837555166160165e-02
9.603792278992986375e-01
9.401221097214813582e-01
5.082290244868147289e-01
7.190114115568972952e-01
9.466601795827156440e-01
9.429940214892257311e-01
4.400914955790193872e-01
1.426218918963875204e-01
1.565870873663478546e-01
5.422580017316679379e-01
1.127457317596407549e-01
6.441529366572255055e-01
6.927896077098160132e-01
3.074368269749820914e-01
3.904823135646691146e-01
3.580391445607488121e-01
4.793926051799910493e-01
4.148621149619229342e-01
9.662979553585925308e-01
4.773252002411587647e-02
3.701417855867599194e-01
6.162207748497818827e-01
4.111468659965979988e-01
3.363877945262411240e-01
7.893088833690226069e-01
3.931101990271875790e-01
6.393036477414767438e-01
1.896346051962927159e-01
3.643790894482494824e-01
5.000577934602810082e-01
3.136542728375268929e-03
4.300472270946344988e-01
3.795649819629215438e-01
1.738172261974691990e-01
8.036522207737389900e-01
1.936216143803169976e-01
5.504735204338673249e-02
4.836350828130859814e-01
1.985447818673659048e-01
1.071271451172522982e-01
7.708790921515562555e-01
6.146783771501660443e-01
2.773529340402239862e-01
4.112726379440161395e-01
7.525906097118377769e-01
8.818366810660603905e-01
1.174720132024550390e-01
8.517766586702808507e-01
7.375450420498712578e-01
8.306949678362951506e-01
5.062225972931460038e-01
7.814379248545044732e-02
5.719762347658375878e-01
3.004013167078332103e-01
3.724998596194445399e-01
8.922394941753766240e-01
1.539210437807830845e-01
9.061364569200526242e-01
9.485162187477610418e-01
8.853854912391085907e-01
8.094529784451963694e-01
8.032981185484560083e-01
1.069080572264882179e-01
5.988785102506379854e-01
8.987713074066707719e-01
2.333110730011472844e-01
5.286736674313198270e-01
8.993109771241097894e-01
2.084876120259437915e-01
3.628222979559639905e-01
7.348481482618600680e-01
4.281265166602585825e-01
4.427052414884680154e-02
8.675588372701259487e-01
4.339732450661374363e-01
3.257245148057162920e-01
2.175753589197725324e-01
6.915882941851037025e-01
4.931298228490659241e-01
7.615828942658554590e-01
5.297709122028019246e-01
7.928346413672842097e-01
6.573403003828297564e-01
6.878491505473561807e-01
8.291189832003367233e-01
5.945209003303782991e-01
5.642019350284114276e-01
2.998242875519653294e-01
5.072652735000884316e-01
6.023434992362859397e-01
5.866105661787762715e-01
3.336715255332832752e-01
1.497886041063999363e-01
3.394266101254727053e-01
2.132571823049244086e-01
8.321549348760213238e-01
4.615788857399466538e-01
3.204213051460150785e-01
1.239686145367646652e-01
6.151034582161086783e-01
6.211134869453593943e-02
2.766312974203666286e-02
2.166134284920686603e-01
6.290830909339152344e-01
7.261287630223064449e-01
3.014916954337163446e-01
5.078080638072064446e-01
6.860850406421573622e-01
4.168021959292254053e-01
4.307852225775450350e-01
3.173006242720005643e-01
6.572379388101486919e-01
6.304973900280302912e-01
8.058883888595680389e-02
4.118968724142957338e-02
2.795124874136678539e-02
9.407949601733122114e-01
4.343739608995131896e-01
9.808719049210623542e-02
1.208478864827666754e-01
2.852036186639138604e-01
7.611449826450512601e-01
6.536106919781847768e-01
4.144133445947706385e-02
1.985742954636433577e-01
2.389196773089203862e-01
3.481770794484303488e-01
2.095175147333159238e-01
1.205864031473624642e-02
5.458558704749845170e-01
2.033431293181687805e-01
5.671102064231825501e-03
6.832061911884365069e-01
9.075701044862291011e-01
1.641796138158817531e-01
7.790791174162836619e-01
5.939091539036255307e-01
6.979478873416515849e-01
2.849925442444364299e-01
7.886054852930545200e-01
4.081475847907553023e-01
3.941012565927831668e-01
8.299284641079656133e-01
1.235211155891785539e-01
4.433701041794801956e-01
5.583956045993443418e-02
1.364759916602211742e-01
8.260586637639018015e-01
8.628372256646910099e-01
2.719748290899959287e-01
9.799346328642760673e-01
3.156948160142610815e-01
5.897647113357677995e-01
4.957542162654583473e-01
1.582044386440709660e-01
9.379178022040616236e-01
7.877056327520017831e-01
3.490312425789705575e-01
5.002790671821317758e-01
3.482043978728410760e-01
7.381508145556529010e-01
6.242848818506556707e-01
5.306748659586580930e-01
8.879504652577973056e-01
3.111646026129675224e-01
4.170489738915562627e-01
4.508809637892728928e-01
6.169651824209708701e-01
3.597051224882118481e-01
9.110069832082117181e-01
8.874749134502811776e-01
3.684167503250546094e-01
6.123684710277820242e-01
9.986837246455037009e-01
3.322111700633031406e-01
3.168371287886705412e-01
2.774756812556926633e-01
3.923368304124126293e-01
5.989223721452063831e-02
3.658379939659306412e-02
6.089659468083993277e-01
2.901831173121841578e-01
7.522877246092974923e-01
8.006894812059321964e-01
6.215285842500318791e-01
2.153538984120337840e-01
3.327996290256303169e-01
5.531714185451319654e-02
2.631383174410301118e-01
4.131824287836994847e-01
7.630306387996337314e-01
6.652993646249767412e-01
6.435047268752721594e-01
9.137525369206567216e-01
9.181574579299980332e-01
1.696445224418645648e-01
7.696442757560421066e-01
1.695236598154885588e-01
4.190298698320332749e-01
1.982026252807522759e-02
5.849440639833868305e-01
8.506863774123050170e-01
3.807108039529980559e-01
1.628922940628526606e-01
6.170531407810342372e-02
3.354903209785695672e-01
7.441253861151295723e-01
7.739662767522462739e-01
4.225366325574962945e-01
7.843230564700252039e-01
8.626366720962272971e-01
8.179859879997104510e-01
9.108147576208827090e-01
2.960890019264853512e-01
7.656837734631865011e-01
3.379316186485494811e-01
1.934753686903090131e-02
2.632796920294787624e-01
9.590027275490691228e-01
3.522951712694011306e-02
6.303908567930587292e-01
3.122810764505528081e-01
7.921786580623112473e-01
9.984511623659328983e-01
9.900596038120212938e-03
7.013546780340846887e-01
9.453697962294075330e-01
6.733031241786626708e-01
1.385105828052025645e-01
8.840488001369428694e-01
9.695878072450891949e-01
2.204263330535461973e-01
3.289498701628206234e-01
7.489175836041543910e-01
1.103361716941742010e-01
4.625914617204254231e-01
4.995021288944753168e-01
7.814860105947842861e-01
8.188639658783296582e-01
6.956048669698289277e-02
5.985485723591005280e-01
7.176338851497976457e-02
4.798331846819714475e-01
4.404006596061351697e-01
4.286124522415184490e-01
4.963415389468150973e-01
3.578356671753879503e-02
5.381534855522118743e-02
4.739648781878554873e-01
5.481866098525564057e-01
5.701616892571625961e-02
8.267566118392810637e-01
2.118071710154072473e-01
1.162094582596140402e-01
3.754466338647879375e-01
1.933605716089135118e-01
6.436280400554564851e-01
8.983920092153243608e-01
5.257578010884399466e-01
4.730265478337895013e-01
1.911571564404148660e-01
4.592606086939002852e-01
2.301683626700884444e-01
3.262093493574503844e-01
1.789950131738549111e-01
1.879089041447971065e-01
5.901971437545955324e-01
1.625026785124068507e-01
1.994832402822354078e-01
6.773430708741181583e-01
7.288234422989218197e-01
3.941289195149375590e-01
5.709573562876505415e-01
5.255916059998211320e-01
7.537932023479365640e-01
6.533643822369127330e-01
5.884809975918374736e-01
4.674108203170269649e-01
5.682617613064405715e-01
1.578095991917216612e-01
9.321030174609720165e-01
4.246969525248510680e-01
9.438287225300222572e-01
2.640692424584482056e-01
3.213525119786554418e-01
9.289570087621816796e-01
3.778448742724715981e-01
7.892949732191566481e-01
1.103538054275057245e-01
7.680351732530575903e-01
2.545976780198619949e-01
6.901323176356979339e-01
7.075213816431237257e-01
8.565880056165020573e-01
8.426372769029422116e-02
6.353087277183921966e-01
3.432854268417332433e-01
6.394631345873116324e-01
6.484439764373441939e-01
1.754908478197567678e-01
9.622571303706559664e-01
8.480389563025826360e-01
8.345646032064417685e-01
2.389585134440949110e-01
2.716019472823639758e-01
7.210691143560772343e-01
3.378792481250899593e-01
5.094664419882286577e-01
7.794907598790777881e-01
2.471267388501102724e-01
1.370626294774252019e-01
1.060247305584749444e-01
3.873006222935659881e-01
2.792104661229732887e-01
9.937324596887078254e-01
9.622783377975000496e-01
2.434643746771071315e-01
7.289392844971831487e-01
5.731804742857392609e-01
6.399289648739482361e-01
1.615480584685656806e-01
3.093951074019845038e-01
4.076159600476194633e-01
7.880329714937047703e-01
5.328428146168616708e-01
7.736501832950359869e-01
8.861719005699008056e-01
4.271277312069388099e-02
5.226301758084165305e-01
4.507847668383491158e-01
3.634265825201182798e-01
9.564580792008904320e-01
1.114093651082725955e-01
1.801012263895671595e-01
8.922568801606056699e-01
9.258728884110845048e-02
2.926818926665967213e-01
7.788568988522426295e-03
8.637966149120686055e-01
5.506373875463010936e-02
7.385571823858938512e-01
2.541324460179793521e-01
1.913791262423892858e-01
3.249193930539873154e-01
9.046546800761257057e-02
3.683111908630580800e-01
9.983623852409659882e-01
4.103166403145757091e-01
5.295886660243835919e-01
9.256871222470053340e-01
1.997145996779822186e-01
5.964584988472488858e-01
8.038940882443529334e-01
8.081689292995731799e-01
3.909305809896168604e-02
7.501982142921663765e-01
9.285888626416000102e-01
9.743065476710451867e-01
6.185648603790221411e-01
2.405377592135017339e-01
2.752530061668589934e-02
8.095539050502167377e-01
6.264391559458912795e-01
2.187310804556273913e-01
1.349639222236258540e-01
4.099481677920593370e-01
1.235849367222499051e-01
8.685034263449291636e-01
5.184191706919724085e-01
2.165899175742518334e-01
3.193220516635397743e-01
6.288891038327674154e-01
7.689801184238267417e-01
7.806976487415958621e-01
8.513577648682484345e-01
9.675499954068060848e-01
1.610603893923658880e-01
8.116672110141509577e-01
3.010396817336346009e-01
4.003823985129422169e-01
5.103625530634413598e-01
5.718543959230381057e-01
9.552818953994509643e-01
2.233670418092195131e-01
2.618584604450795439e-01
8.766494102264064114e-01
9.934839847436803817e-01
3.765045589459888875e-01
9.481049623663928561e-02
7.279734538271516175e-01
3.454230543675964604e-01
3.100293223132194464e-01
3.486222571783068602e-01
9.805094020015134859e-01
9.650087815242613942e-01
2.538629950215143261e-03
3.931323565792735897e-01
2.350596863897559397e-01
7.005192930972541365e-01
2.872445891774670912e-01
7.156687363604438135e-01
7.740775836253428466e-01
6.854358323385576490e-01
1.496720384452591146e-01
7.117187604810610857e-01
7.731370689967320686e-05
5.409533898512614014e-01
6.200846728613403913e-01
7.961184979802208295e-01
1.503170802417224117e-01
9.229614588104723127e-01
3.982329931417116775e-03
1.089479569455984453e-01
8.139913124958833013e-01
1.008832094818422620e-01
2.354425119540628497e-01
4.018102860585259783e-02
6.263929134189794024e-01
1.024614429488810430e-01
4.683342503018933511e-01
1.064764437020279120e-01
6.418023481724595136e-01
9.052564028311204103e-01
4.151247541689547793e-01
3.969824322763710889e-01
3.249528896440556647e-02
3.405197118976289739e-01
5.816377647485725388e-01
4.104651431801574768e-01
3.454681228645228863e-03
5.080227499059375429e-02
8.669422152093432254e-01
7.978434959939012527e-01
8.895411389885923281e-01
6.693984417488180183e-01
5.836238800124582404e-02
6.033372901164849589e-01
2.960200559162630141e-01
9.675598553549034087e-01
3.219240279118962267e-01
6.089191014747388220e-01
2.826453474640255870e-02
7.471598047703500445e-01
9.968263387863882663e-01
9.578067237377637655e-01
9.608105276460676691e-01
9.191724413114628067e-01
5.657134054819136226e-01
8.822273288807780389e-01
5.165356228627758783e-01
4.856315189217204065e-01
8.600609389868557608e-01
2.208572391607066532e-01
5.424556618235046868e-01
3.599959538446434459e-01
7.264052742556181830e-02
5.587715970346234240e-01
4.212646921506799647e-01
5.718848249464264510e-01
9.938982401327784988e-01
4.442557942912959135e-01
5.279279477393781228e-01
1.722784744519612055e-02
9.761196803447057535e-01
9.507333525533063767e-01
6.843924940584656946e-01
7.190367436577198568e-01
8.793416740143030763e-01
7.540180413720635189e-01
5.095270652996697347e-01
6.097002741401998938e-01
4.166563587968978855e-01
9.794263137525998086e-01
3.010200827768917398e-01
7.816356750229973560e-01
6.822464005537405285e-01
1.361203370378419875e-01
1.359889778380852787e-01
8.536784085916169218e-01
5.600869769957593780e-01
6.686520829393611809e-01
4.788422299355846734e-01
6.178894186690501167e-01
6.966639956470314088e-01
5.630565729597276636e-01
8.659890705267133670e-01
7.880314210114047757e-02
8.500730518493195831e-01
9.083400485029016203e-01
8.854637939648430933e-01
5.785970978834407141e-01
5.113072326736257667e-01
1.053522916804565668e-01
9.216428490223399494e-01
2.375431964734829871e-01
3.249658887988922107e-01
3.960400625989574097e-01
2.879598358756207954e-02
6.533141858287342396e-01
7.093712098895013085e-01
6.400623675498994247e-01
2.668524300048699116e-01
3.473645063096275631e-02
1.467726552873446222e-01
1.034920136362944554e-01
4.124950016310922063e-01
8.720011741618690637e-01
9.604649164408740614e-02
1.091301525019552354e-01
8.457904535893857600e-01
7.891914893624740746e-01
6.142065384867905209e-01
3.382015214838066663e-01
4.803211007843654068e-01
9.701095457785935405e-02
1.405366766855969951e-01
2.254718743190936570e-01
6.775390633380334870e-01
1.452425551054291608e-01
2.392793074019390342e-01
2.276080449904540615e-01
6.191711843412461835e-02
5.107680621397654441e-01
9.427133513211057858e-01
4.197769486514224546e-01
2.924125638052810228e-02
8.322300722893445357e-01
1.209448802163390901e-01
9.435367114936108468e-01
5.539193574431660050e-01
5.444289275185509869e-02
2.997872737298549195e-01
6.562569695173366968e-01
7.189747005701123683e-01
9.169529522569429547e-01
5.369825235500169658e-02
1.523994048173660243e-01
8.178305962617171687e-01
3.355502215991112980e-01
6.415618616104679095e-01
8.810052115446693755e-01
6.741680336993435274e-01
7.423117897559944334e-01
1.653545880480734587e-01
1.794532875883209089e-01
4.425033015621918642e-01
1.725765223256453540e-01
1.878887120723232718e-01
3.915042879606526194e-01
6.842925044777882215e-01
9.856468699760803087e-01
1.392264798423535899e-01
9.621237481367028721e-02
6.048047884763712023e-01
7.503362529689338034e-01
9.933030759744005955e-01
9.917960236302851840e-01
7.555138388303690444e-01
9.185419765655947755e-01
2.573224418185566797e-01
3.740912724202161144e-02
7.796631028143876652e-01
9.034677941051095784e-01
8.832439061720145368e-01
3.714638276584204535e-01
2.921383527512873002e-01
6.362411204175462132e-01
3.739722170513848365e-01
6.764120445591947917e-02
9.554023746719834120e-01
4.530000083025008673e-01
3.614423985356919333e-01
7.047653655595720323e-01
4.613702616830392955e-01
2.043742071618230849e-01
6.992620998444704083e-01
5.960067061931276777e-01
2.656950066444123681e-01
7.758465349891857654e-01
9.502346103903170915e-01
7.838381551820665649e-01
9.511776266629898835e-01
7.869108618352338436e-02
3.924419173160312857e-01
4.695624700099677584e-01
3.155227144313099696e-02
5.004620890897470975e-01
8.807571413611288147e-01
1.626001881031721163e-01
1.003741115290577302e-01
2.983095038548599920e-02
7.333739209591094710e-01
7.992063662597093110e-01
1.983022556089834021e-01
8.703551336010821871e-01
4.273757537964765207e-01
6.119086615650627392e-01
4.629865186708279623e-01
9.759512889734026642e-01
6.928539718132371572e-01
3.513171285524552268e-01
8.490622218027304990e-01
6.552357326553984729e-01
9.459334551362564847e-01
7.332483083117570244e-01
6.523957776686168941e-01
7.641451963894868582e-01
7.421288638319800679e-01
7.618266986672322938e-01
6.969074607243979091e-01
4.563201404297478891e-02
8.431292280827532570e-01
2.715008485971551755e-01
9.391185233598222659e-01
3.373805991115247371e-01
5.738486041571784213e-01
9.491023094419456241e-01
3.533961780597112412e-01
8.040063971109703278e-01
3.800164024613356117e-01
6.622460879547021895e-01
6.891386751206126648e-01
7.696531476642693992e-01
6.288272078851930846e-02
3.626478291373705920e-01
4.008537945875989550e-01
1.127171631811445529e-01
9.203999417254093984e-02
9.642168641536854601e-01
7.114118459317357868e-01
4.837920492400472616e-01
5.659209026760928518e-01
3.011633674898638313e-01
9.882393386952533776e-01
6.763969249637091785e-01
9.358644736960745059e-01
7.668852436115450866e-01
7.859918086585526709e-01
3.144683251995978868e-01
7.092154308689621045e-01
5.863212934500972029e-02
9.452406187680013616e-01
7.673915406278900564e-01
6.201289717825112513e-01
3.121463950616901739e-01
9.922938889723720290e-01
3.780322166857018606e-01
1.288237080725175288e-01
6.075136635697453436e-01
5.152692817907771339e-01
3.345321950995819860e-01
7.173068503756663272e-01
5.021556113254301845e-01
2.282281799903529418e-04
3.087496097615817225e-01
4.642278099529311142e-01
8.521470715621457526e-01
6.705476510679888591e-01
6.205019236548932060e-01
3.346616361558650832e-01
6.548436008370386308e-01
4.240183711149916324e-01
9.296473354292531521e-01
2.686445883317637451e-01
2.428559118002556749e-01
4.142993174937528167e-01
3.615538701920115727e-01
7.497321520297846043e-01
3.503578992013482996e-01
4.045869000659679804e-01
2.972027932315073340e-01
4.029363875556877250e-01
2.147273523779684723e-01
6.524491826428002739e-02
4.583889241862607600e-01
3.720567475090108545e-02
2.747080609776009208e-01
4.567892772992931949e-02
6.299790930255900756e-01
1.786013787614589843e-01
7.073424082275799885e-01
7.982627736727213597e-01
3.709022893340073734e-01
8.393048383898301656e-01
9.037216445612616944e-02
6.929793419450626102e-01
1.959706172921179546e-01
7.784194621238436085e-01
7.171996617582843125e-02
8.203491135893237196e-01
4.133502173766435694e-01
8.663724308453754075e-01
8.814420132023506049e-01
1.017493876957507037e-01
9.916824830470809538e-01
1.039160646521171127e-01
9.332278379653458078e-01
6.317700807709821786e-01
1.128098956717757950e-01
9.307937482593043876e-01
6.318683491007470732e-02
4.814768677288672194e-01
6.040097118032626833e-01
2.640996774897168553e-01
9.875428210159653553e-02
2.409786734997322322e-01
5.884537491238378548e-01
5.954068030654200427e-01
3.883777853640302258e-02
4.970784773679552959e-01
2.673909113009556027e-01
8.744879051977887396e-01
3.996324068420252784e-01
5.156145785501475842e-02
9.983749217491516559e-01
8.563659609810422291e-01
8.685781608555012134e-01
6.187900407492596955e-02
4.081936855036254475e-01
2.001729497071463859e-01
6.348617599644463816e-01
5.401268901560183355e-01
1.970923182612922542e-01
5.651870851326912248e-02
2.020195102597381887e-01
4.468691843203304037e-01
7.317768689999916143e-01
3.049885145483622884e-01
6.557301326190063673e-01
6.292517616318874518e-01
4.438894504552525211e-01
8.314004204024199041e-01
6.016084893802939870e-01
1.737440454701536519e-01
7.757655396486501376e-01
8.022131039523480167e-01
4.912161140919061308e-01
3.290454128733689698e-01
1.876852561831461319e-01
8.750496069947150124e-01
5.272632625154336505e-01
9.963729524366675694e-01
3.686792973957941921e-01
2.344182700231400851e-02
5.744162263906884558e-01
2.345088223151884366e-01
2.040525135672986989e-01
9.081956780059343703e-01
2.946431941713972824e-01
8.325910653174112275e-01
1.563905165461310087e-02
2.163430448441683307e-02
3.013652475699224453e-02
3.102187602903171415e-01
9.531625722301885206e-01
6.729875503085807065e-01
1.820927682472512910e-01
7.344945736160402028e-02
4.663386282469538235e-01
5.586422158451832543e-01
6.525167304779999622e-01
7.880706221272462120e-01
8.170375257338171604e-01
5.281328426738929327e-02
8.423026608250885339e-01
5.598251688312696484e-01
5.927486596528982465e-01
8.994094267295409395e-01
5.635413648034863776e-01
8.296337500861822312e-01
8.715429057886980857e-01
9.373607881693799548e-01
1.723364794650938947e-02
2.061995303897679044e-02
4.816887635738383855e-01
9.451249717112901738e-01
1.358612765845170767e-01
8.837677732573699929e-01
8.521217666614466779e-01
2.797318890803928149e-01
3.311973710959753570e-01
9.801729139848625039e-01
8.638672935398636898e-01
7.701341026162721315e-01
8.588111025861051573e-01
2.482443015336546210e-01
9.710423374560956944e-01
4.537155701310124911e-01
9.350351460254429092e-01
3.973714327294434190e-01
6.380680384872905453e-02
2.250806930387703186e-01
5.855986537993425056e-01
1.066688951871284097e-01
7.501092455334306131e-01
8.910639468743110081e-01
1.025329471009570614e-01
4.196393616705721419e-01
9.055383084470737254e-01
9.010838956486418860e-01
5.325763641544576377e-01
5.809012960133971282e-01
7.031399077505440243e-01
8.567302193862005311e-01
7.337061174397009333e-01
1.956809904090680563e-01
3.588686254932530462e-01
2.690268706853277125e-01
5.417174235141313243e-01
6.490309505967583048e-01
6.507826077403707776e-01
7.041110204605069978e-01
2.625626067100276240e-01
5.012502388748119042e-01
7.347493317664413048e-01
6.644958664638445089e-02
7.010999426126049983e-01
2.137314873906426271e-01
4.229758596405529536e-01
9.232457023125758555e-01
5.237644843027828845e-01
1.538517535739909459e-01
3.610269287778289371e-01
7.389282420614871061e-01
1.544400533804873854e-01
8.556322585861685370e-01
3.084999979624791777e-02
1.259476796033373036e-01
1.742425481359791695e-01
7.519584850164918732e-01
9.936379017635370570e-01
2.901463799518794184e-01
2.785497040948453629e-01
7.177435143178167998e-02
5.771638629075036553e-01
7.492045172077683723e-01
1.219349397309471561e-01
1.064518836450134565e-01
7.810283014607261043e-01
4.896879300781658007e-01
6.049510490335991975e-01
5.473547147810863267e-01
8.302898161359770768e-01
2.043340050368611660e-01
9.552748814485926276e-01
9.581850665507642972e-01
6.124333391776660696e-01
3.698144561689425958e-01
8.663569262807467863e-01
2.068847286855491907e-01
3.006696592202580121e-01
7.093625416253235283e-01
5.176112885062397195e-01
5.677355412633854348e-01
3.585589459122829892e-01
1.207328834593948130e-01
7.139016470488276367e-01
6.145036150418450305e-01
3.149392831097884704e-01
1.438598936247840188e-01
7.840619552800226488e-01
2.925057106776518534e-01
1.964841476698728773e-01
2.984235016334498836e-01
1.791030525853051225e-01
9.299209453863869212e-01
5.537437726802123539e-01
4.984927655150509507e-01
8.686411953254573604e-01
5.577555720625668734e-01
6.493898569841936030e-01
8.936882850469607398e-01
9.850327739296250718e-01
8.068983012266238708e-01
9.279593810700464962e-01
5.835379712657241535e-01
1.000233342257249580e-01
7.685434551155708727e-01
9.332599827812061433e-01
4.041029008041528980e-01
1.943088415210691977e-02
7.529030155959465231e-01
1.402050264625485099e-01
2.133844785247318576e-01
4.218428889037452167e-01
8.682554363741500358e-01
5.841338407855676262e-01
5.647569131904768280e-01
8.598473005161788585e-02
8.976145850238536061e-01
7.658952694646988801e-01
3.458857937286252682e-02
8.208117801983111361e-01
8.039887802808717288e-01
2.278974605710094581e-01
6.510772225335605956e-01
9.259943682628984929e-01
7.387690884423872006e-01
3.726335330743064667e-01
1.532896802174013029e-01
